$Nodes
169
1 -1 0.0 0.0 0.0
2 0 0.1593953580198496 0.0 0.0
3 0 0.3484026674020945 0.0 0.0
4 0 0.5106301016972722 0.0 0.0
5 0 0.678283495666999 0.0 0.0
6 0 0.849172765340503 0.0 0.0
7 0 0.9852145165268718 0.0 0.0
8 0 1.1604893901747946 0.0 0.0
9 0 1.342128210894997 0.0 0.0
10 0 1.4899874637752886 0.0 0.0
11 0 1.653452620986582 0.0 0.0
12 0 1.838174062170245 0.0 0.0
13 -1 2.0 0.0 0.0
14 0 0.0 0.1673612630413257 0.0
15 1 0.16546452473427953 0.15463819690206257 0.0
16 1 0.32050373648310065 0.16241737525483163 0.0
17 1 0.5094564274084403 0.17835565896333783 0.0
18 1 0.659141766980205 0.15169752432407999 0.0
19 1 0.8489263529745908 0.16394938442751295 0.0
20 1 1.0077151157176847 0.15257057034682459 0.0
21 1 1.1563893624268828 0.16137708688843036 0.0
22 1 1.3423862429198392 0.18215984700754592 0.0
23 1 1.5010122469139373 0.18321883931705227 0.0
24 1 1.6661832256598375 0.15134811392248318 0.0
25 1 1.8386352203543777 0.16265916144961767 0.0
26 0 2.0 0.1816084272739713 0.0
27 0 0.0 0.34438756336806853 0.0
28 1 0.15614979614948898 0.3258689373864724 0.0
29 1 0.3279004750206789 0.33714674978154374 0.0
30 1 0.485891655303963 0.34344550119935885 0.0
31 1 0.6743364049909402 0.3253140668403841 0.0
32 1 0.8497981236668971 0.327935952011292 0.0
33 1 0.9973206577997585 0.34864754550928606 0.0
34 1 1.170836256638382 0.32431043750390204 0.0
35 1 1.3383829946039307 0.32371687990093057 0.0
36 1 1.5033375983438053 0.34154135248509165 0.0
37 1 1.6798207030702612 0.32539565455592023 0.0
38 1 1.8338295769353938 0.3175551397352847 0.0
39 0 2.0 0.3397400577386237 0.0
40 0 0.0 0.5022530173543975 0.0
41 1 0.16054253527616022 0.5136476104328805 0.0
42 1 0.337776583367539 0.5125112149429684 0.0
43 1 0.5151775555215002 0.4938471709998861 0.0
44 1 0.6608305937105804 0.5161066920418229 0.0
45 1 0.8423123533176005 0.5000251095759228 0.0
46 1 0.9891987309656332 0.4871832039305408 0.0
47 1 1.1583623742006044 0.4961200008882544 0.0
48 1 1.3195639501563892 0.4843700604792619 0.0
49 1 1.5102963423478986 0.4886731033277621 0.0
50 1 1.6809328486480781 0.5145087671260757 0.0
51 1 1.8442179054190244 0.4974581966143497 0.0
52 0 2.0 0.5035994493083098 0.0
53 0 0.0 0.6721472254466392 0.0
54 1 0.16458521642383478 0.6653489682003265 0.0
55 1 0.32210370163853086 0.6780767262508103 0.0
56 1 0.4917050054481512 0.6528846272564398 0.0
57 1 0.6740077812871109 0.663101251315634 0.0
58 1 0.8290985323354098 0.6647516057962214 0.0
59 1 1.0130090472088602 0.6583503580445208 0.0
60 1 1.1505865261965722 0.6801454179405081 0.0
61 1 1.3444943839531425 0.6811717800174382 0.0
62 1 1.5097231759917438 0.6803268653203509 0.0
63 1 1.6510253584028942 0.6568240812649139 0.0
64 1 1.8420032248785585 0.6513711420963446 0.0
65 0 2.0 0.6739633358801291 0.0
66 0 0.0 0.8210151416298647 0.0
67 1 0.17401715098932724 0.845579353406846 0.0
68 1 0.33931047089960986 0.8181076306343361 0.0
69 1 0.4882125806882613 0.823803659763685 0.0
70 1 0.6753741493338974 0.8210340138891897 0.0
71 1 0.8475291135364904 0.846448076100387 0.0
72 1 1.0063452359513143 0.8208039180716622 0.0
73 1 1.1644350351967014 0.8244358890593433 0.0
74 1 1.33316601569667 0.816719930830217 0.0
75 1 1.5092136883274572 0.8331230543308521 0.0
76 1 1.6581104999261274 0.8440819953955125 0.0
77 1 1.8186035202060682 0.8179851279609572 0.0
78 0 2.0 0.8377696510277766 0.0
79 0 0.0 1.0162725885118988 0.0
80 1 0.16302952514163865 1.0128807483648854 0.0
81 1 0.3359913847268818 0.9894150989754233 0.0
82 1 0.5089516633183583 0.9969939494936685 0.0
83 1 0.6593852998133456 1.0020971964629921 0.0
84 1 0.8299138919119567 0.9910616864644299 0.0
85 1 0.983379790988263 1.015007023797764 0.0
86 1 1.1609185610929198 1.0047920143106397 0.0
87 1 1.3170752333221853 0.9882559164890558 0.0
88 1 1.4836537002716927 0.9952891174071817 0.0
89 1 1.665323987148582 1.0069636202395809 0.0
90 1 1.8313109878254001 0.9928156897360815 0.0
91 0 2.0 0.9889604029786622 0.0
92 0 0.0 1.1786047702677451 0.0
93 1 0.16061424909679947 1.1513483327258964 0.0
94 1 0.33270872428064946 1.1668616906165874 0.0
95 1 0.5018304841972423 1.169939014143332 0.0
96 1 0.6703075734142551 1.1788291533717323 0.0
97 1 0.8390593559948267 1.1624690997729723 0.0
98 1 0.9889662949622913 1.164830967664354 0.0
99 1 1.1688404154631533 1.161247551548085 0.0
100 1 1.333514719116999 1.1756331164646527 0.0
101 1 1.4851549835204139 1.1630146949823967 0.0
102 1 1.6791289069349995 1.1777758630707598 0.0
103 1 1.8180824334837309 1.1765136993578074 0.0
104 0 2.0 1.1686894155645384 0.0
105 0 0.0 1.344528446113319 0.0
106 1 0.1761579456502053 1.316677030481036 0.0
107 1 0.338845370684114 1.3495758565092124 0.0
108 1 0.49156492523744816 1.3477035408828537 0.0
109 1 0.6756815677877852 1.3278075166370074 0.0
110 1 0.8258077959692304 1.3461095254662683 0.0
111 1 1.0085244272540703 1.3494043144907384 0.0
112 1 1.1600920538284596 1.3287218273820212 0.0
113 1 1.3257088619123008 1.339130426995154 0.0
114 1 1.500062368581494 1.3351113263761625 0.0
115 1 1.6600473077737155 1.3383087200532604 0.0
116 1 1.8337440171690866 1.3481916270874157 0.0
117 0 2.0 1.3497541238130313 0.0
118 0 0.0 1.4965637510136016 0.0
119 1 0.17347236652309705 1.4840086767857346 0.0
120 1 0.3472019212324298 1.5001175481185955 0.0
121 1 0.5067654398832487 1.5103425273561706 0.0
122 1 0.6826382603318557 1.500508098682814 0.0
123 1 0.8207515334795888 1.4947491285248768 0.0
124 1 0.9872604846776727 1.4865648459273355 0.0
125 1 1.1721329696198415 1.5148174250402977 0.0
126 1 1.3203072580988944 1.4962314532635137 0.0
127 1 1.5054409039771683 1.501981657494642 0.0
128 1 1.6669813703419596 1.503407515451101 0.0
129 1 1.824855736468384 1.4866955546740774 0.0
130 0 2.0 1.4953747949900449 0.0
131 0 0.0 1.6694266616332532 0.0
132 1 0.15183422845955605 1.6783344096445418 0.0
133 1 0.3427372760344515 1.680730392411901 0.0
134 1 0.5010443889153499 1.6630081577623368 0.0
135 1 0.6738255964467184 1.6587554070645127 0.0
136 1 0.840924855640544 1.6650964799734678 0.0
137 1 1.0037593150304103 1.6637802301698814 0.0
138 1 1.1663189075087461 1.6519386077612628 0.0
139 1 1.3432705895074892 1.6746746884504178 0.0
140 1 1.5117301851220255 1.6603276164337153 0.0
141 1 1.6565509613793583 1.6818442117962722 0.0
142 1 1.835327576229825 1.6801111851141664 0.0
143 0 2.0 1.6716899063066177 0.0
144 0 0.0 1.8416620794777703 0.0
145 1 0.15988207568179846 1.8277475970331576 0.0
146 1 0.3440390835021716 1.829662744324803 0.0
147 1 0.5156106141919601 1.8220441017781612 0.0
148 1 0.6587420773139225 1.8358110858369034 0.0
149 1 0.8357042630893908 1.838561398970729 0.0
150 1 1.0112689664021919 1.8326400019165112 0.0
151 1 1.1536654330396128 1.8490901445495287 0.0
152 1 1.3413919654608104 1.8273035270013476 0.0
153 1 1.4856854037029237 1.8289492026192329 0.0
154 1 1.6537400653303087 1.8258047241750954 0.0
155 1 1.8344176329125517 1.8294708914418325 0.0
156 0 2.0 1.828822814578855 0.0
157 -1 0.0 2.0 0.0
158 0 0.1703897356130034 2.0 0.0
159 0 0.34865451943517106 2.0 0.0
160 0 0.4873106496228559 2.0 0.0
161 0 0.6543201732371525 2.0 0.0
162 0 0.820814048316666 2.0 0.0
163 0 1.0057241317429455 2.0 0.0
164 0 1.1673037422907027 2.0 0.0
165 0 1.3251218656646253 2.0 0.0
166 0 1.4957678680233906 2.0 0.0
167 0 1.6641422067711633 2.0 0.0
168 0 1.8459446226478724 2.0 0.0
169 -1 2.0 2.0 0.0
$EndNodes
$Elements
144
1 4 1 2 15 14 
2 4 2 3 16 15 
3 4 3 4 17 16 
4 4 4 5 18 17 
5 4 5 6 19 18 
6 4 6 7 20 19 
7 4 7 8 21 20 
8 4 8 9 22 21 
9 4 9 10 23 22 
10 4 10 11 24 23 
11 4 11 12 25 24 
12 4 12 13 26 25 
13 4 14 15 28 27 
14 4 15 16 29 28 
15 4 16 17 30 29 
16 4 17 18 31 30 
17 4 18 19 32 31 
18 4 19 20 33 32 
19 4 20 21 34 33 
20 4 21 22 35 34 
21 4 22 23 36 35 
22 4 23 24 37 36 
23 4 24 25 38 37 
24 4 25 26 39 38 
25 4 27 28 41 40 
26 4 28 29 42 41 
27 4 29 30 43 42 
28 4 30 31 44 43 
29 4 31 32 45 44 
30 4 32 33 46 45 
31 4 33 34 47 46 
32 4 34 35 48 47 
33 4 35 36 49 48 
34 4 36 37 50 49 
35 4 37 38 51 50 
36 4 38 39 52 51 
37 4 40 41 54 53 
38 4 41 42 55 54 
39 4 42 43 56 55 
40 4 43 44 57 56 
41 4 44 45 58 57 
42 4 45 46 59 58 
43 4 46 47 60 59 
44 4 47 48 61 60 
45 4 48 49 62 61 
46 4 49 50 63 62 
47 4 50 51 64 63 
48 4 51 52 65 64 
49 4 53 54 67 66 
50 4 54 55 68 67 
51 4 55 56 69 68 
52 4 56 57 70 69 
53 4 57 58 71 70 
54 4 58 59 72 71 
55 4 59 60 73 72 
56 4 60 61 74 73 
57 4 61 62 75 74 
58 4 62 63 76 75 
59 4 63 64 77 76 
60 4 64 65 78 77 
61 4 66 67 80 79 
62 4 67 68 81 80 
63 4 68 69 82 81 
64 4 69 70 83 82 
65 4 70 71 84 83 
66 4 71 72 85 84 
67 4 72 73 86 85 
68 4 73 74 87 86 
69 4 74 75 88 87 
70 4 75 76 89 88 
71 4 76 77 90 89 
72 4 77 78 91 90 
73 4 79 80 93 92 
74 4 80 81 94 93 
75 4 81 82 95 94 
76 4 82 83 96 95 
77 4 83 84 97 96 
78 4 84 85 98 97 
79 4 85 86 99 98 
80 4 86 87 100 99 
81 4 87 88 101 100 
82 4 88 89 102 101 
83 4 89 90 103 102 
84 4 90 91 104 103 
85 4 92 93 106 105 
86 4 93 94 107 106 
87 4 94 95 108 107 
88 4 95 96 109 108 
89 4 96 97 110 109 
90 4 97 98 111 110 
91 4 98 99 112 111 
92 4 99 100 113 112 
93 4 100 101 114 113 
94 4 101 102 115 114 
95 4 102 103 116 115 
96 4 103 104 117 116 
97 4 105 106 119 118 
98 4 106 107 120 119 
99 4 107 108 121 120 
100 4 108 109 122 121 
101 4 109 110 123 122 
102 4 110 111 124 123 
103 4 111 112 125 124 
104 4 112 113 126 125 
105 4 113 114 127 126 
106 4 114 115 128 127 
107 4 115 116 129 128 
108 4 116 117 130 129 
109 4 118 119 132 131 
110 4 119 120 133 132 
111 4 120 121 134 133 
112 4 121 122 135 134 
113 4 122 123 136 135 
114 4 123 124 137 136 
115 4 124 125 138 137 
116 4 125 126 139 138 
117 4 126 127 140 139 
118 4 127 128 141 140 
119 4 128 129 142 141 
120 4 129 130 143 142 
121 4 131 132 145 144 
122 4 132 133 146 145 
123 4 133 134 147 146 
124 4 134 135 148 147 
125 4 135 136 149 148 
126 4 136 137 150 149 
127 4 137 138 151 150 
128 4 138 139 152 151 
129 4 139 140 153 152 
130 4 140 141 154 153 
131 4 141 142 155 154 
132 4 142 143 156 155 
133 4 144 145 158 157 
134 4 145 146 159 158 
135 4 146 147 160 159 
136 4 147 148 161 160 
137 4 148 149 162 161 
138 4 149 150 163 162 
139 4 150 151 164 163 
140 4 151 152 165 164 
141 4 152 153 166 165 
142 4 153 154 167 166 
143 4 154 155 168 167 
144 4 155 156 169 168 
$EndElements
$Boundaries
4
1 1 1 2 3 4 5 6 7 8 9 10 11 12 13 
2 1 157 158 159 160 161 162 163 164 165 166 167 168 169 
3 1 1 14 27 40 53 66 79 92 105 118 131 144 157 
4 1 13 26 39 52 65 78 91 104 117 130 143 156 169 
$EndBoundaries
$BCs
4
1 1 
2 1 
3 1 
4 1 
$EndBCs
