$Nodes
169
1 -1 0.0 0.0 0.0
2 0 0.15012160035515615 0.0 0.0
3 0 0.30605845718279495 0.0 0.0
4 0 0.4928930636908659 0.0 0.0
5 0 0.695173725109697 0.0 0.0
6 0 0.8501919951892337 0.0 0.0
7 0 1.0188545157267415 0.0 0.0
8 0 1.13986523128854 0.0 0.0
9 0 1.3108317765200943 0.0 0.0
10 0 1.531173173125595 0.0 0.0
11 0 1.635959824442635 0.0 0.0
12 0 1.8172081763058154 0.0 0.0
13 -1 2.0 0.0 0.0
14 0 0.0 0.15057970565635495 0.0
15 1 0.15012160035515615 0.15057970565635495 0.0
16 1 0.30605845718279495 0.15057970565635495 0.0
17 1 0.4928930636908659 0.15057970565635495 0.0
18 1 0.695173725109697 0.15057970565635495 0.0
19 1 0.8501919951892337 0.15057970565635495 0.0
20 1 1.0188545157267415 0.15057970565635495 0.0
21 1 1.13986523128854 0.15057970565635495 0.0
22 1 1.3108317765200943 0.15057970565635495 0.0
23 1 1.531173173125595 0.15057970565635495 0.0
24 1 1.635959824442635 0.15057970565635495 0.0
25 1 1.8172081763058154 0.15057970565635495 0.0
26 0 2.0 0.15057970565635495 0.0
27 0 0.0 0.3217183251636902 0.0
28 1 0.15012160035515615 0.3217183251636902 0.0
29 1 0.30605845718279495 0.3217183251636902 0.0
30 1 0.4928930636908659 0.3217183251636902 0.0
31 1 0.695173725109697 0.3217183251636902 0.0
32 1 0.8501919951892337 0.3217183251636902 0.0
33 1 1.0188545157267415 0.3217183251636902 0.0
34 1 1.13986523128854 0.3217183251636902 0.0
35 1 1.3108317765200943 0.3217183251636902 0.0
36 1 1.531173173125595 0.3217183251636902 0.0
37 1 1.635959824442635 0.3217183251636902 0.0
38 1 1.8172081763058154 0.3217183251636902 0.0
39 0 2.0 0.3217183251636902 0.0
40 0 0.0 0.48739050089133523 0.0
41 1 0.15012160035515615 0.48739050089133523 0.0
42 1 0.30605845718279495 0.48739050089133523 0.0
43 1 0.4928930636908659 0.48739050089133523 0.0
44 1 0.695173725109697 0.48739050089133523 0.0
45 1 0.8501919951892337 0.48739050089133523 0.0
46 1 1.0188545157267415 0.48739050089133523 0.0
47 1 1.13986523128854 0.48739050089133523 0.0
48 1 1.3108317765200943 0.48739050089133523 0.0
49 1 1.531173173125595 0.48739050089133523 0.0
50 1 1.635959824442635 0.48739050089133523 0.0
51 1 1.8172081763058154 0.48739050089133523 0.0
52 0 2.0 0.48739050089133523 0.0
53 0 0.0 0.6746564614946324 0.0
54 1 0.15012160035515615 0.6746564614946324 0.0
55 1 0.30605845718279495 0.6746564614946324 0.0
56 1 0.4928930636908659 0.6746564614946324 0.0
57 1 0.695173725109697 0.6746564614946324 0.0
58 1 0.8501919951892337 0.6746564614946324 0.0
59 1 1.0188545157267415 0.6746564614946324 0.0
60 1 1.13986523128854 0.6746564614946324 0.0
61 1 1.3108317765200943 0.6746564614946324 0.0
62 1 1.531173173125595 0.6746564614946324 0.0
63 1 1.635959824442635 0.6746564614946324 0.0
64 1 1.8172081763058154 0.6746564614946324 0.0
65 0 2.0 0.6746564614946324 0.0
66 0 0.0 0.8256032495772947 0.0
67 1 0.15012160035515615 0.8256032495772947 0.0
68 1 0.30605845718279495 0.8256032495772947 0.0
69 1 0.4928930636908659 0.8256032495772947 0.0
70 1 0.695173725109697 0.8256032495772947 0.0
71 1 0.8501919951892337 0.8256032495772947 0.0
72 1 1.0188545157267415 0.8256032495772947 0.0
73 1 1.13986523128854 0.8256032495772947 0.0
74 1 1.3108317765200943 0.8256032495772947 0.0
75 1 1.531173173125595 0.8256032495772947 0.0
76 1 1.635959824442635 0.8256032495772947 0.0
77 1 1.8172081763058154 0.8256032495772947 0.0
78 0 2.0 0.8256032495772947 0.0
79 0 0.0 0.9968922872377042 0.0
80 1 0.15012160035515615 0.9968922872377042 0.0
81 1 0.30605845718279495 0.9968922872377042 0.0
82 1 0.4928930636908659 0.9968922872377042 0.0
83 1 0.695173725109697 0.9968922872377042 0.0
84 1 0.8501919951892337 0.9968922872377042 0.0
85 1 1.0188545157267415 0.9968922872377042 0.0
86 1 1.13986523128854 0.9968922872377042 0.0
87 1 1.3108317765200943 0.9968922872377042 0.0
88 1 1.531173173125595 0.9968922872377042 0.0
89 1 1.635959824442635 0.9968922872377042 0.0
90 1 1.8172081763058154 0.9968922872377042 0.0
91 0 2.0 0.9968922872377042 0.0
92 0 0.0 1.1559122069308314 0.0
93 1 0.15012160035515615 1.1559122069308314 0.0
94 1 0.30605845718279495 1.1559122069308314 0.0
95 1 0.4928930636908659 1.1559122069308314 0.0
96 1 0.695173725109697 1.1559122069308314 0.0
97 1 0.8501919951892337 1.1559122069308314 0.0
98 1 1.0188545157267415 1.1559122069308314 0.0
99 1 1.13986523128854 1.1559122069308314 0.0
100 1 1.3108317765200943 1.1559122069308314 0.0
101 1 1.531173173125595 1.1559122069308314 0.0
102 1 1.635959824442635 1.1559122069308314 0.0
103 1 1.8172081763058154 1.1559122069308314 0.0
104 0 2.0 1.1559122069308314 0.0
105 0 0.0 1.320941371094633 0.0
106 1 0.15012160035515615 1.320941371094633 0.0
107 1 0.30605845718279495 1.320941371094633 0.0
108 1 0.4928930636908659 1.320941371094633 0.0
109 1 0.695173725109697 1.320941371094633 0.0
110 1 0.8501919951892337 1.320941371094633 0.0
111 1 1.0188545157267415 1.320941371094633 0.0
112 1 1.13986523128854 1.320941371094633 0.0
113 1 1.3108317765200943 1.320941371094633 0.0
114 1 1.531173173125595 1.320941371094633 0.0
115 1 1.635959824442635 1.320941371094633 0.0
116 1 1.8172081763058154 1.320941371094633 0.0
117 0 2.0 1.320941371094633 0.0
118 0 0.0 1.4896961117854235 0.0
119 1 0.15012160035515615 1.4896961117854235 0.0
120 1 0.30605845718279495 1.4896961117854235 0.0
121 1 0.4928930636908659 1.4896961117854235 0.0
122 1 0.695173725109697 1.4896961117854235 0.0
123 1 0.8501919951892337 1.4896961117854235 0.0
124 1 1.0188545157267415 1.4896961117854235 0.0
125 1 1.13986523128854 1.4896961117854235 0.0
126 1 1.3108317765200943 1.4896961117854235 0.0
127 1 1.531173173125595 1.4896961117854235 0.0
128 1 1.635959824442635 1.4896961117854235 0.0
129 1 1.8172081763058154 1.4896961117854235 0.0
130 0 2.0 1.4896961117854235 0.0
131 0 0.0 1.6872115229278928 0.0
132 1 0.15012160035515615 1.6872115229278928 0.0
133 1 0.30605845718279495 1.6872115229278928 0.0
134 1 0.4928930636908659 1.6872115229278928 0.0
135 1 0.695173725109697 1.6872115229278928 0.0
136 1 0.8501919951892337 1.6872115229278928 0.0
137 1 1.0188545157267415 1.6872115229278928 0.0
138 1 1.13986523128854 1.6872115229278928 0.0
139 1 1.3108317765200943 1.6872115229278928 0.0
140 1 1.531173173125595 1.6872115229278928 0.0
141 1 1.635959824442635 1.6872115229278928 0.0
142 1 1.8172081763058154 1.6872115229278928 0.0
143 0 2.0 1.6872115229278928 0.0
144 0 0.0 1.8095734815747484 0.0
145 1 0.15012160035515615 1.8095734815747484 0.0
146 1 0.30605845718279495 1.8095734815747484 0.0
147 1 0.4928930636908659 1.8095734815747484 0.0
148 1 0.695173725109697 1.8095734815747484 0.0
149 1 0.8501919951892337 1.8095734815747484 0.0
150 1 1.0188545157267415 1.8095734815747484 0.0
151 1 1.13986523128854 1.8095734815747484 0.0
152 1 1.3108317765200943 1.8095734815747484 0.0
153 1 1.531173173125595 1.8095734815747484 0.0
154 1 1.635959824442635 1.8095734815747484 0.0
155 1 1.8172081763058154 1.8095734815747484 0.0
156 0 2.0 1.8095734815747484 0.0
157 -1 0.0 2.0 0.0
158 0 0.15012160035515615 2.0 0.0
159 0 0.30605845718279495 2.0 0.0
160 0 0.4928930636908659 2.0 0.0
161 0 0.695173725109697 2.0 0.0
162 0 0.8501919951892337 2.0 0.0
163 0 1.0188545157267415 2.0 0.0
164 0 1.13986523128854 2.0 0.0
165 0 1.3108317765200943 2.0 0.0
166 0 1.531173173125595 2.0 0.0
167 0 1.635959824442635 2.0 0.0
168 0 1.8172081763058154 2.0 0.0
169 -1 2.0 2.0 0.0
$EndNodes
$Elements
288
1 3 1 2 15
2 3 14 15 27
3 3 15 14 1
4 3 27 15 28
5 3 2 3 15
6 3 3 4 17
7 3 29 28 16
8 3 28 15 16
9 3 17 16 3
10 3 30 16 17
11 3 4 5 17
12 3 16 15 3
13 3 27 28 41
14 3 40 41 54
15 3 40 27 41
16 3 53 54 66
17 3 54 53 40
18 3 66 54 67
19 3 41 42 54
20 3 29 30 42
21 3 30 29 16
22 3 55 42 43
23 3 55 54 42
24 3 67 55 68
25 3 67 54 55
26 3 56 68 55
27 3 67 68 81
28 3 43 42 30
29 3 42 41 29
30 3 28 29 41
31 3 66 67 80
32 3 17 18 30
33 3 5 6 18
34 3 30 31 43
35 3 30 18 31
36 3 19 31 18
37 3 44 43 31
38 3 18 6 19
39 3 18 17 5
40 3 19 7 20
41 3 7 19 6
42 3 32 20 33
43 3 20 32 19
44 3 33 20 21
45 3 45 31 32
46 3 7 8 20
47 3 19 32 31
48 3 46 32 33
49 3 56 44 57
50 3 44 56 43
51 3 69 57 70
52 3 57 69 56
53 3 70 57 58
54 3 69 70 83
55 3 44 45 57
56 3 56 69 68
57 3 45 46 58
58 3 46 45 32
59 3 58 46 59
60 3 45 58 57
61 3 71 59 72
62 3 59 71 58
63 3 72 59 60
64 3 71 72 84
65 3 46 47 59
66 3 58 71 70
67 3 44 31 45
68 3 70 71 84
69 3 33 34 46
70 3 43 56 55
71 3 68 69 82
72 3 79 80 92
73 3 80 79 66
74 3 93 105 92
75 3 106 118 105
76 3 93 92 80
77 3 93 81 94
78 3 81 93 80
79 3 106 94 107
80 3 94 106 93
81 3 107 94 95
82 3 118 106 119
83 3 81 82 94
84 3 93 106 105
85 3 80 67 81
86 3 120 106 107
87 3 131 119 132
88 3 119 131 118
89 3 157 144 145
90 3 132 144 131
91 3 145 144 132
92 3 119 120 132
93 3 132 133 145
94 3 133 132 120
95 3 133 120 121
96 3 145 133 146
97 3 158 146 159
98 3 146 158 145
99 3 159 146 147
100 3 133 134 146
101 3 145 158 157
102 3 119 106 120
103 3 107 108 120
104 3 82 83 95
105 3 83 82 69
106 3 95 108 107
107 3 96 108 95
108 3 109 121 108
109 3 108 121 120
110 3 96 95 83
111 3 82 95 94
112 3 96 84 97
113 3 84 96 83
114 3 109 97 110
115 3 97 109 96
116 3 98 110 97
117 3 121 109 122
118 3 97 84 85
119 3 96 109 108
120 3 83 70 84
121 3 123 109 110
122 3 134 122 135
123 3 122 134 121
124 3 160 147 148
125 3 135 147 134
126 3 148 147 135
127 3 147 160 159
128 3 122 123 135
129 3 134 147 146
130 3 135 136 148
131 3 136 135 123
132 3 124 136 123
133 3 148 136 149
134 3 161 149 162
135 3 149 161 148
136 3 150 162 149
137 3 149 136 137
138 3 148 161 160
139 3 122 109 123
140 3 123 110 111
141 3 121 134 133
142 3 81 68 82
143 3 72 85 84
144 3 8 9 21
145 3 47 46 34
146 3 22 34 21
147 3 35 47 34
148 3 60 59 47
149 3 22 21 9
150 3 34 33 21
151 3 22 10 23
152 3 10 22 9
153 3 35 23 36
154 3 23 35 22
155 3 36 23 24
156 3 47 35 48
157 3 10 11 23
158 3 22 35 34
159 3 49 35 36
160 3 73 60 61
161 3 48 60 47
162 3 85 73 86
163 3 85 72 73
164 3 74 86 73
165 3 85 86 99
166 3 61 60 48
167 3 72 60 73
168 3 61 49 62
169 3 49 61 48
170 3 62 49 50
171 3 61 62 75
172 3 74 75 87
173 3 75 74 61
174 3 87 75 88
175 3 74 87 86
176 3 62 63 75
177 3 61 74 73
178 3 48 35 49
179 3 86 87 100
180 3 36 37 49
181 3 21 20 8
182 3 11 12 24
183 3 50 49 37
184 3 25 37 24
185 3 38 50 37
186 3 63 62 50
187 3 25 24 12
188 3 37 36 24
189 3 25 13 26
190 3 13 25 12
191 3 38 26 39
192 3 26 38 25
193 3 50 38 51
194 3 25 38 37
195 3 52 38 39
196 3 76 63 64
197 3 51 63 50
198 3 88 76 89
199 3 88 75 76
200 3 77 89 76
201 3 88 89 102
202 3 64 63 51
203 3 75 63 76
204 3 64 52 65
205 3 52 64 51
206 3 64 65 78
207 3 77 78 90
208 3 78 77 64
209 3 90 78 91
210 3 77 90 89
211 3 64 77 76
212 3 51 38 52
213 3 89 90 103
214 3 24 23 11
215 3 87 88 101
216 3 98 99 112
217 3 98 85 99
218 3 111 112 124
219 3 112 111 98
220 3 124 112 125
221 3 111 124 123
222 3 99 100 112
223 3 98 111 110
224 3 100 101 114
225 3 100 87 101
226 3 126 125 113
227 3 125 112 113
228 3 114 113 100
229 3 127 113 114
230 3 101 102 114
231 3 113 112 100
232 3 86 100 99
233 3 124 125 138
234 3 137 138 151
235 3 137 124 138
236 3 150 151 163
237 3 151 150 137
238 3 163 151 164
239 3 150 163 162
240 3 138 139 151
241 3 137 150 149
242 3 126 127 139
243 3 127 126 113
244 3 152 139 140
245 3 152 151 139
246 3 164 152 165
247 3 164 151 152
248 3 153 165 152
249 3 140 139 127
250 3 139 138 126
251 3 125 126 138
252 3 114 115 127
253 3 124 137 136
254 3 102 103 115
255 3 102 89 103
256 3 127 128 140
257 3 127 115 128
258 3 116 128 115
259 3 128 141 140
260 3 116 115 103
261 3 115 114 102
262 3 103 104 116
263 3 104 103 91
264 3 116 104 117
265 3 129 117 130
266 3 117 129 116
267 3 142 128 129
268 3 116 129 128
269 3 101 88 102
270 3 143 129 130
271 3 153 141 154
272 3 141 153 140
273 3 166 154 167
274 3 154 166 153
275 3 167 154 155
276 3 141 142 154
277 3 153 166 165
278 3 142 143 155
279 3 143 142 129
280 3 155 143 156
281 3 142 155 154
282 3 168 156 169
283 3 156 168 155
284 3 155 168 167
285 3 141 128 142
286 3 140 153 152
287 3 91 103 90
288 3 85 98 97
$EndElements
$Boundaries
4
1 1 1 2 3 4 5 6 7 8 9 10 11 12 13 
2 1 157 158 159 160 161 162 163 164 165 166 167 168 169 
3 1 1 14 27 40 53 66 79 92 105 118 131 144 157 
4 1 13 26 39 52 65 78 91 104 117 130 143 156 169 
$EndBoundaries
$BCs
4
1 1 
2 1 
3 1 
4 1 
$EndBCs
