$Nodes
169
1 -1 0.0 0.0 0.0
2 0 0.15873466608309464 0.0 0.0
3 0 0.3342343794558224 0.0 0.0
4 0 0.5137932045391747 0.0 0.0
5 0 0.6693226948254164 0.0 0.0
6 0 0.8321198289389106 0.0 0.0
7 0 1.010428733789213 0.0 0.0
8 0 1.151629160806485 0.0 0.0
9 0 1.342925221410646 0.0 0.0
10 0 1.4917352288194616 0.0 0.0
11 0 1.6594566198468552 0.0 0.0
12 0 1.8269207336078914 0.0 0.0
13 -1 2.0 0.0 0.0
14 0 0.0 0.17388897952354115 0.0
15 1 0.15670902660403735 0.16519367237199617 0.0
16 1 0.316895532546401 0.15084314479749775 0.0
17 1 0.49504660935376305 0.15554878832893168 0.0
18 1 0.6614168009892847 0.15368639769033715 0.0
19 1 0.8390503869360174 0.15825302719235845 0.0
20 1 1.0160679678451054 0.16636751103503686 0.0
21 1 1.1718887568921146 0.17874906543864222 0.0
22 1 1.322432276371214 0.1542409520752307 0.0
23 1 1.4888403141586106 0.18172230542192216 0.0
24 1 1.6799916533320378 0.15852966267357466 0.0
25 1 1.8350590998723257 0.17796133129341205 0.0
26 0 2.0 0.16485673091367875 0.0
27 0 0.0 0.34842987755678306 0.0
28 1 0.16695540446666443 0.3312928803436808 0.0
29 1 0.32046881327848986 0.3252537027687011 0.0
30 1 0.504543792856591 0.3275127743326189 0.0
31 1 0.6546372173832284 0.3177681650822587 0.0
32 1 0.8499894984376775 0.34410003195632183 0.0
33 1 0.9858269916024395 0.32810248144389376 0.0
34 1 1.1594921768232416 0.32381890062001745 0.0
35 1 1.3302135196816915 0.3456167615944763 0.0
36 1 1.5074949676772247 0.3268045059317988 0.0
37 1 1.658436226304609 0.3230478183163218 0.0
38 1 1.8357735131862534 0.339163034529882 0.0
39 0 2.0 0.3394465185973062 0.0
40 0 0.0 0.48585181250861326 0.0
41 1 0.1747936139137156 0.5106056281502662 0.0
42 1 0.32627338954305013 0.5049854815432444 0.0
43 1 0.5065916925450307 0.4884592920498873 0.0
44 1 0.6748209838380762 0.5164354443447183 0.0
45 1 0.8357916074804483 0.48870309920914234 0.0
46 1 1.0128709869600165 0.4834727935682972 0.0
47 1 1.1533682658052995 0.5038954736280897 0.0
48 1 1.3185149524629878 0.4836542521746926 0.0
49 1 1.5154842005626938 0.5033173514653929 0.0
50 1 1.66393515922496 0.5006943900972477 0.0
51 1 1.8493136818326819 0.5048258201742518 0.0
52 0 2.0 0.5110298467942586 0.0
53 0 0.0 0.678037681397544 0.0
54 1 0.16920888084029231 0.6730332228612079 0.0
55 1 0.3338381557429276 0.6580471323774705 0.0
56 1 0.495059328131262 0.6633155044665755 0.0
57 1 0.6537544035473338 0.6596824079729231 0.0
58 1 0.8440207690357158 0.6647421149025791 0.0
59 1 1.0012824259268958 0.6533129897749259 0.0
60 1 1.1578630138228858 0.6719468018147221 0.0
61 1 1.3304280719014805 0.6607858198550961 0.0
62 1 1.4954991545326135 0.6657316224665051 0.0
63 1 1.6536215145973894 0.6565051091090466 0.0
64 1 1.8304215746843957 0.6533343919721409 0.0
65 0 2.0 0.6668194109110351 0.0
66 0 0.0 0.8188101830004293 0.0
67 1 0.18071394660632775 0.8308957124922552 0.0
68 1 0.32285298494122683 0.8444465680263767 0.0
69 1 0.49931180218863674 0.8492747203411415 0.0
70 1 0.6807033199156246 0.8409592638838944 0.0
71 1 0.8430247154343863 0.8396141446230234 0.0
72 1 1.005665497503599 0.8316237342765115 0.0
73 1 1.1729960954177543 0.8489593133159589 0.0
74 1 1.3423739822667038 0.8350317232559893 0.0
75 1 1.4939794595306628 0.8428695385589996 0.0
76 1 1.6559308885068902 0.8497963670390932 0.0
77 1 1.8307701471763569 0.8180042498836184 0.0
78 0 2.0 0.817498249432036 0.0
79 0 0.0 0.9924668330615881 0.0
80 1 0.1613633856594583 0.9911152386517329 0.0
81 1 0.34951849304371396 0.9983400121579897 0.0
82 1 0.5103787104314749 0.9896029272084751 0.0
83 1 0.6732633737248374 1.0103209241694522 0.0
84 1 0.8488540059715076 0.9840191184843919 0.0
85 1 1.0089512713432913 0.9927255331087542 0.0
86 1 1.1741203881464923 1.0041516745077514 0.0
87 1 1.3188928111407574 1.0088484189330718 0.0
88 1 1.5010291608665671 1.0012500144720662 0.0
89 1 1.6670342514882 1.0019974118340083 0.0
90 1 1.8365397116176256 1.0132874258662963 0.0
91 0 2.0 0.9981664037912786 0.0
92 0 0.0 1.1617805252408724 0.0
93 1 0.15879568963277244 1.164336994091471 0.0
94 1 0.3408240855130809 1.15325196768129 0.0
95 1 0.4881580340615591 1.1620229590026192 0.0
96 1 0.6722234250563703 1.1515075604558085 0.0
97 1 0.8354133004745049 1.174168121544904 0.0
98 1 1.0007208544372181 1.1709056720750364 0.0
99 1 1.1598977261712549 1.1513641656516256 0.0
100 1 1.3440060651799217 1.1735295131042762 0.0
101 1 1.5152079927583393 1.17153217086444 0.0
102 1 1.6600212946103066 1.1707557591936453 0.0
103 1 1.8169948058436378 1.1567015339410227 0.0
104 0 2.0 1.1658509032020754 0.0
105 0 0.0 1.3332916487878745 0.0
106 1 0.15305688661197023 1.3307408136593515 0.0
107 1 0.32192958418307954 1.34472970932107 0.0
108 1 0.4893052161693463 1.3293653677823558 0.0
109 1 0.6570031118741106 1.3227137507355347 0.0
110 1 0.8425987422176935 1.3268373847839543 0.0
111 1 1.0130880484524065 1.3291813410308033 0.0
112 1 1.152748916164539 1.330578575071104 0.0
113 1 1.3479794227312902 1.317535522182516 0.0
114 1 1.4892621424396326 1.3257926786500795 0.0
115 1 1.6703714930518188 1.3398845582714252 0.0
116 1 1.8184521232496706 1.345564575627075 0.0
117 0 2.0 1.3325106824556305 0.0
118 0 0.0 1.5089410662436062 0.0
119 1 0.18088486756456484 1.4986979745181246 0.0
120 1 0.33474219834550917 1.4980727856502951 0.0
121 1 0.490755949443042 1.493790969117531 0.0
122 1 0.6756570207429331 1.4978590984848714 0.0
123 1 0.8344302997912298 1.49158631451811 0.0
124 1 1.0120141128606608 1.5012293796250236 0.0
125 1 1.1801044360225121 1.5067619161694972 0.0
126 1 1.3267181571348032 1.5020768589853404 0.0
127 1 1.494404606758931 1.5043823961391996 0.0
128 1 1.652075095962961 1.4853954103296925 0.0
129 1 1.8199777029573967 1.4985559374991841 0.0
130 0 2.0 1.5055165099902315 0.0
131 0 0.0 1.6710130312202391 0.0
132 1 0.17322456411551995 1.6706338302163937 0.0
133 1 0.3185556218720816 1.6677440784265887 0.0
134 1 0.4854643466532232 1.6572945327173665 0.0
135 1 0.6725824144245269 1.6579416542702667 0.0
136 1 0.8433790014313407 1.6709593619960605 0.0
137 1 0.9858459896605913 1.6820950798784218 0.0
138 1 1.1732894079249347 1.653048049222744 0.0
139 1 1.3498129581954768 1.65483377084512 0.0
140 1 1.5094627893281212 1.6821543797746812 0.0
141 1 1.6550695467262164 1.6818665348992776 0.0
142 1 1.841959394164347 1.673608987697749 0.0
143 0 2.0 1.6615885337606513 0.0
144 0 0.0 1.8454143633938602 0.0
145 1 0.17396234504864277 1.8369227858714139 0.0
146 1 0.33455370212601737 1.834499115518064 0.0
147 1 0.49627526840544406 1.8363469837721134 0.0
148 1 0.6628564739197517 1.8339128043223998 0.0
149 1 0.826537549441036 1.8210310260666511 0.0
150 1 0.9902479923495864 1.8338518471283765 0.0
151 1 1.1573953274348205 1.816878865859791 0.0
152 1 1.3287852902915818 1.834229001936743 0.0
153 1 1.5041307298544762 1.8483089394206693 0.0
154 1 1.658918870797431 1.8362530956005831 0.0
155 1 1.8181353138886824 1.8335460436511446 0.0
156 0 2.0 1.8308085335188269 0.0
157 -1 0.0 2.0 0.0
158 0 0.17567777425173237 2.0 0.0
159 0 0.349260233065324 2.0 0.0
160 0 0.5105605214200802 2.0 0.0
161 0 0.6577457736173938 2.0 0.0
162 0 0.8235026301075299 2.0 0.0
163 0 1.0048421073084772 2.0 0.0
164 0 1.1706504340291648 2.0 0.0
165 0 1.321978140206854 2.0 0.0
166 0 1.5076917391240114 2.0 0.0
167 0 1.671729475967873 2.0 0.0
168 0 1.8451499504633184 2.0 0.0
169 -1 2.0 2.0 0.0
$EndNodes
$Elements
288
1 3 1 2 15
2 3 27 14 28
3 3 15 14 1
4 3 28 14 15
5 3 2 16 15
6 3 16 3 17
7 3 29 15 16
8 3 29 28 15
9 3 29 16 17
10 3 42 29 43
11 3 27 28 40
12 3 3 4 17
13 3 16 2 3
14 3 42 28 29
15 3 54 66 53
16 3 66 80 79
17 3 67 80 66
18 3 93 79 80
19 3 53 40 41
20 3 41 42 55
21 3 41 40 28
22 3 56 55 42
23 3 41 55 54
24 3 55 67 54
25 3 67 55 68
26 3 67 68 80
27 3 54 67 66
28 3 68 55 56
29 3 41 54 53
30 3 28 42 41
31 3 81 80 68
32 3 17 30 29
33 3 31 17 18
34 3 18 4 5
35 3 30 31 43
36 3 30 17 31
37 3 44 43 31
38 3 43 56 42
39 3 18 19 31
40 3 43 29 30
41 3 6 19 18
42 3 19 33 32
43 3 20 33 19
44 3 45 31 32
45 3 32 31 19
46 3 19 6 7
47 3 18 5 6
48 3 46 45 32
49 3 57 44 58
50 3 57 56 43
51 3 57 69 56
52 3 82 69 70
53 3 68 69 81
54 3 56 69 68
55 3 69 57 70
56 3 57 43 44
57 3 45 59 58
58 3 46 59 45
59 3 71 58 72
60 3 58 70 57
61 3 70 71 84
62 3 71 70 58
63 3 72 84 71
64 3 82 70 83
65 3 84 85 98
66 3 58 44 45
67 3 44 31 45
68 3 83 70 84
69 3 46 32 33
70 3 17 4 18
71 3 69 82 81
72 3 92 93 106
73 3 92 79 93
74 3 118 105 106
75 3 106 105 92
76 3 107 119 106
77 3 118 106 119
78 3 106 93 107
79 3 94 81 95
80 3 94 107 93
81 3 120 107 121
82 3 94 108 107
83 3 134 120 121
84 3 107 120 119
85 3 82 95 81
86 3 93 80 94
87 3 81 94 80
88 3 119 120 133
89 3 118 132 131
90 3 118 119 132
91 3 145 144 131
92 3 158 157 144
93 3 145 131 132
94 3 133 134 146
95 3 132 119 133
96 3 159 146 147
97 3 133 146 145
98 3 146 158 145
99 3 158 146 159
100 3 145 158 144
101 3 146 134 147
102 3 133 145 132
103 3 120 134 133
104 3 95 108 94
105 3 96 83 97
106 3 109 95 96
107 3 108 109 121
108 3 108 95 109
109 3 121 109 122
110 3 108 121 107
111 3 96 97 109
112 3 95 82 96
113 3 97 98 110
114 3 97 83 84
115 3 122 110 123
116 3 122 109 110
117 3 111 123 110
118 3 122 123 135
119 3 136 123 124
120 3 110 109 97
121 3 84 98 97
122 3 121 122 135
123 3 161 148 162
124 3 148 147 134
125 3 148 160 147
126 3 160 148 161
127 3 147 160 159
128 3 148 135 149
129 3 134 135 148
130 3 149 136 137
131 3 136 149 135
132 3 124 137 136
133 3 149 137 150
134 3 162 150 163
135 3 150 162 149
136 3 151 163 150
137 3 151 150 137
138 3 149 162 148
139 3 135 123 136
140 3 110 98 111
141 3 135 134 121
142 3 83 96 82
143 3 58 59 72
144 3 7 8 20
145 3 20 21 34
146 3 21 20 8
147 3 34 21 35
148 3 34 46 33
149 3 8 22 21
150 3 34 33 20
151 3 9 10 22
152 3 22 23 35
153 3 23 22 10
154 3 49 48 35
155 3 22 35 21
156 3 35 23 36
157 3 9 22 8
158 3 34 35 48
159 3 47 60 59
160 3 46 34 47
161 3 85 72 73
162 3 72 59 60
163 3 73 72 60
164 3 98 85 99
165 3 47 61 60
166 3 46 47 59
167 3 61 49 62
168 3 48 49 61
169 3 61 62 74
170 3 61 73 60
171 3 87 73 74
172 3 74 73 61
173 3 75 74 62
174 3 73 86 85
175 3 62 76 75
176 3 61 47 48
177 3 34 48 47
178 3 75 88 74
179 3 23 10 24
180 3 19 7 20
181 3 11 12 24
182 3 23 37 36
183 3 23 24 37
184 3 25 37 24
185 3 49 36 37
186 3 24 12 25
187 3 24 10 11
188 3 26 25 12
189 3 25 39 38
190 3 39 25 26
191 3 38 39 51
192 3 25 38 37
193 3 26 12 13
194 3 50 37 38
195 3 49 50 63
196 3 50 49 37
197 3 76 63 77
198 3 64 63 50
199 3 77 63 64
200 3 76 62 63
201 3 50 51 64
202 3 63 62 49
203 3 51 52 65
204 3 52 51 39
205 3 65 77 64
206 3 77 78 91
207 3 78 77 65
208 3 76 77 90
209 3 65 64 51
210 3 50 38 51
211 3 75 76 88
212 3 36 49 35
213 3 77 91 90
214 3 112 99 100
215 3 98 99 112
216 3 124 111 112
217 3 124 123 111
218 3 111 98 112
219 3 125 124 112
220 3 99 86 87
221 3 99 85 86
222 3 87 88 100
223 3 87 86 73
224 3 100 114 113
225 3 101 114 100
226 3 126 112 113
227 3 113 112 100
228 3 114 128 127
229 3 100 99 87
230 3 74 88 87
231 3 127 113 114
232 3 152 151 138
233 3 151 137 138
234 3 164 152 165
235 3 151 152 164
236 3 164 163 151
237 3 138 125 126
238 3 138 124 125
239 3 126 127 139
240 3 127 126 113
241 3 140 152 139
242 3 139 152 138
243 3 153 166 165
244 3 140 153 152
245 3 154 166 153
246 3 153 165 152
247 3 140 139 127
248 3 139 138 126
249 3 125 112 126
250 3 100 88 101
251 3 137 124 138
252 3 115 102 103
253 3 89 102 101
254 3 115 128 114
255 3 115 101 102
256 3 128 115 116
257 3 141 127 128
258 3 102 89 103
259 3 89 101 88
260 3 103 90 104
261 3 90 103 89
262 3 104 90 91
263 3 103 104 117
264 3 129 116 130
265 3 117 116 103
266 3 130 116 117
267 3 116 129 128
268 3 103 116 115
269 3 89 76 90
270 3 128 129 141
271 3 140 141 154
272 3 127 141 140
273 3 154 155 167
274 3 155 154 141
275 3 167 155 168
276 3 167 166 154
277 3 141 142 155
278 3 154 153 140
279 3 142 130 143
280 3 142 141 129
281 3 142 143 156
282 3 168 156 169
283 3 168 155 156
284 3 156 155 142
285 3 130 142 129
286 3 114 101 115
287 3 88 76 89
288 3 85 84 72
$EndElements
$Boundaries
4
1 1 1 2 3 4 5 6 7 8 9 10 11 12 13 
2 1 157 158 159 160 161 162 163 164 165 166 167 168 169 
3 1 1 14 27 40 53 66 79 92 105 118 131 144 157 
4 1 13 26 39 52 65 78 91 104 117 130 143 156 169 
$EndBoundaries
$BCs
4
1 1 
2 1 
3 1 
4 1 
$EndBCs
