$Nodes
169
1 -1 0.0 -1.0 0.0
2 0 0.16666666666666666 -1.0 0.0
3 0 0.3333333333333333 -1.0 0.0
4 0 0.5 -1.0 0.0
5 0 0.6666666666666666 -1.0 0.0
6 0 0.8333333333333333 -1.0 0.0
7 0 1.0 -1.0 0.0
8 0 1.1666666666666665 -1.0 0.0
9 0 1.3333333333333333 -1.0 0.0
10 0 1.5 -1.0 0.0
11 0 1.6666666666666665 -1.0 0.0
12 0 1.8333333333333333 -1.0 0.0
13 -1 2.0 -1.0 0.0
14 0 0.0 -0.6666666666666667 0.0
15 1 0.16666666666666666 -0.6666666666666667 0.0
16 1 0.3333333333333333 -0.6666666666666667 0.0
17 1 0.5 -0.6666666666666667 0.0
18 1 0.6666666666666666 -0.6666666666666667 0.0
19 1 0.8333333333333333 -0.6666666666666667 0.0
20 1 1.0 -0.6666666666666667 0.0
21 1 1.1666666666666665 -0.6666666666666667 0.0
22 1 1.3333333333333333 -0.6666666666666667 0.0
23 1 1.5 -0.6666666666666667 0.0
24 1 1.6666666666666665 -0.6666666666666667 0.0
25 1 1.8333333333333333 -0.6666666666666667 0.0
26 0 2.0 -0.6666666666666667 0.0
27 0 0.0 -0.33333333333333337 0.0
28 1 0.16666666666666666 -0.33333333333333337 0.0
29 1 0.3333333333333333 -0.33333333333333337 0.0
30 1 0.5 -0.33333333333333337 0.0
31 1 0.6666666666666666 -0.33333333333333337 0.0
32 1 0.8333333333333333 -0.33333333333333337 0.0
33 1 1.0 -0.33333333333333337 0.0
34 1 1.1666666666666665 -0.33333333333333337 0.0
35 1 1.3333333333333333 -0.33333333333333337 0.0
36 1 1.5 -0.33333333333333337 0.0
37 1 1.6666666666666665 -0.33333333333333337 0.0
38 1 1.8333333333333333 -0.33333333333333337 0.0
39 0 2.0 -0.33333333333333337 0.0
40 0 0.0 0.0 0.0
41 1 0.16666666666666666 0.0 0.0
42 1 0.3333333333333333 0.0 0.0
43 1 0.5 0.0 0.0
44 1 0.6666666666666666 0.0 0.0
45 1 0.8333333333333333 0.0 0.0
46 1 1.0 0.0 0.0
47 1 1.1666666666666665 0.0 0.0
48 1 1.3333333333333333 0.0 0.0
49 1 1.5 0.0 0.0
50 1 1.6666666666666665 0.0 0.0
51 1 1.8333333333333333 0.0 0.0
52 0 2.0 0.0 0.0
53 0 0.0 0.33333333333333326 0.0
54 1 0.16666666666666666 0.33333333333333326 0.0
55 1 0.3333333333333333 0.33333333333333326 0.0
56 1 0.5 0.33333333333333326 0.0
57 1 0.6666666666666666 0.33333333333333326 0.0
58 1 0.8333333333333333 0.33333333333333326 0.0
59 1 1.0 0.33333333333333326 0.0
60 1 1.1666666666666665 0.33333333333333326 0.0
61 1 1.3333333333333333 0.33333333333333326 0.0
62 1 1.5 0.33333333333333326 0.0
63 1 1.6666666666666665 0.33333333333333326 0.0
64 1 1.8333333333333333 0.33333333333333326 0.0
65 0 2.0 0.33333333333333326 0.0
66 0 0.0 0.6666666666666665 0.0
67 1 0.16666666666666666 0.6666666666666665 0.0
68 1 0.3333333333333333 0.6666666666666665 0.0
69 1 0.5 0.6666666666666665 0.0
70 1 0.6666666666666666 0.6666666666666665 0.0
71 1 0.8333333333333333 0.6666666666666665 0.0
72 1 1.0 0.6666666666666665 0.0
73 1 1.1666666666666665 0.6666666666666665 0.0
74 1 1.3333333333333333 0.6666666666666665 0.0
75 1 1.5 0.6666666666666665 0.0
76 1 1.6666666666666665 0.6666666666666665 0.0
77 1 1.8333333333333333 0.6666666666666665 0.0
78 0 2.0 0.6666666666666665 0.0
79 0 0.0 1.0 0.0
80 1 0.16666666666666666 1.0 0.0
81 1 0.3333333333333333 1.0 0.0
82 1 0.5 1.0 0.0
83 1 0.6666666666666666 1.0 0.0
84 1 0.8333333333333333 1.0 0.0
85 1 1.0 1.0 0.0
86 1 1.1666666666666665 1.0 0.0
87 1 1.3333333333333333 1.0 0.0
88 1 1.5 1.0 0.0
89 1 1.6666666666666665 1.0 0.0
90 1 1.8333333333333333 1.0 0.0
91 0 2.0 1.0 0.0
92 0 0.0 1.333333333333333 0.0
93 1 0.16666666666666666 1.333333333333333 0.0
94 1 0.3333333333333333 1.333333333333333 0.0
95 1 0.5 1.333333333333333 0.0
96 1 0.6666666666666666 1.333333333333333 0.0
97 1 0.8333333333333333 1.333333333333333 0.0
98 1 1.0 1.333333333333333 0.0
99 1 1.1666666666666665 1.333333333333333 0.0
100 1 1.3333333333333333 1.333333333333333 0.0
101 1 1.5 1.333333333333333 0.0
102 1 1.6666666666666665 1.333333333333333 0.0
103 1 1.8333333333333333 1.333333333333333 0.0
104 0 2.0 1.333333333333333 0.0
105 0 0.0 1.6666666666666665 0.0
106 1 0.16666666666666666 1.6666666666666665 0.0
107 1 0.3333333333333333 1.6666666666666665 0.0
108 1 0.5 1.6666666666666665 0.0
109 1 0.6666666666666666 1.6666666666666665 0.0
110 1 0.8333333333333333 1.6666666666666665 0.0
111 1 1.0 1.6666666666666665 0.0
112 1 1.1666666666666665 1.6666666666666665 0.0
113 1 1.3333333333333333 1.6666666666666665 0.0
114 1 1.5 1.6666666666666665 0.0
115 1 1.6666666666666665 1.6666666666666665 0.0
116 1 1.8333333333333333 1.6666666666666665 0.0
117 0 2.0 1.6666666666666665 0.0
118 0 0.0 2.0 0.0
119 1 0.16666666666666666 2.0 0.0
120 1 0.3333333333333333 2.0 0.0
121 1 0.5 2.0 0.0
122 1 0.6666666666666666 2.0 0.0
123 1 0.8333333333333333 2.0 0.0
124 1 1.0 2.0 0.0
125 1 1.1666666666666665 2.0 0.0
126 1 1.3333333333333333 2.0 0.0
127 1 1.5 2.0 0.0
128 1 1.6666666666666665 2.0 0.0
129 1 1.8333333333333333 2.0 0.0
130 0 2.0 2.0 0.0
131 0 0.0 2.333333333333333 0.0
132 1 0.16666666666666666 2.333333333333333 0.0
133 1 0.3333333333333333 2.333333333333333 0.0
134 1 0.5 2.333333333333333 0.0
135 1 0.6666666666666666 2.333333333333333 0.0
136 1 0.8333333333333333 2.333333333333333 0.0
137 1 1.0 2.333333333333333 0.0
138 1 1.1666666666666665 2.333333333333333 0.0
139 1 1.3333333333333333 2.333333333333333 0.0
140 1 1.5 2.333333333333333 0.0
141 1 1.6666666666666665 2.333333333333333 0.0
142 1 1.8333333333333333 2.333333333333333 0.0
143 0 2.0 2.333333333333333 0.0
144 0 0.0 2.6666666666666665 0.0
145 1 0.16666666666666666 2.6666666666666665 0.0
146 1 0.3333333333333333 2.6666666666666665 0.0
147 1 0.5 2.6666666666666665 0.0
148 1 0.6666666666666666 2.6666666666666665 0.0
149 1 0.8333333333333333 2.6666666666666665 0.0
150 1 1.0 2.6666666666666665 0.0
151 1 1.1666666666666665 2.6666666666666665 0.0
152 1 1.3333333333333333 2.6666666666666665 0.0
153 1 1.5 2.6666666666666665 0.0
154 1 1.6666666666666665 2.6666666666666665 0.0
155 1 1.8333333333333333 2.6666666666666665 0.0
156 0 2.0 2.6666666666666665 0.0
157 -1 0.0 3.0 0.0
158 0 0.16666666666666666 3.0 0.0
159 0 0.3333333333333333 3.0 0.0
160 0 0.5 3.0 0.0
161 0 0.6666666666666666 3.0 0.0
162 0 0.8333333333333333 3.0 0.0
163 0 1.0 3.0 0.0
164 0 1.1666666666666665 3.0 0.0
165 0 1.3333333333333333 3.0 0.0
166 0 1.5 3.0 0.0
167 0 1.6666666666666665 3.0 0.0
168 0 1.8333333333333333 3.0 0.0
169 -1 2.0 3.0 0.0
$EndNodes
$Elements
144
1 4 1 2 15 14 
2 4 2 3 16 15 
3 4 3 4 17 16 
4 4 4 5 18 17 
5 4 5 6 19 18 
6 4 6 7 20 19 
7 4 7 8 21 20 
8 4 8 9 22 21 
9 4 9 10 23 22 
10 4 10 11 24 23 
11 4 11 12 25 24 
12 4 12 13 26 25 
13 4 14 15 28 27 
14 4 15 16 29 28 
15 4 16 17 30 29 
16 4 17 18 31 30 
17 4 18 19 32 31 
18 4 19 20 33 32 
19 4 20 21 34 33 
20 4 21 22 35 34 
21 4 22 23 36 35 
22 4 23 24 37 36 
23 4 24 25 38 37 
24 4 25 26 39 38 
25 4 27 28 41 40 
26 4 28 29 42 41 
27 4 29 30 43 42 
28 4 30 31 44 43 
29 4 31 32 45 44 
30 4 32 33 46 45 
31 4 33 34 47 46 
32 4 34 35 48 47 
33 4 35 36 49 48 
34 4 36 37 50 49 
35 4 37 38 51 50 
36 4 38 39 52 51 
37 4 40 41 54 53 
38 4 41 42 55 54 
39 4 42 43 56 55 
40 4 43 44 57 56 
41 4 44 45 58 57 
42 4 45 46 59 58 
43 4 46 47 60 59 
44 4 47 48 61 60 
45 4 48 49 62 61 
46 4 49 50 63 62 
47 4 50 51 64 63 
48 4 51 52 65 64 
49 4 53 54 67 66 
50 4 54 55 68 67 
51 4 55 56 69 68 
52 4 56 57 70 69 
53 4 57 58 71 70 
54 4 58 59 72 71 
55 4 59 60 73 72 
56 4 60 61 74 73 
57 4 61 62 75 74 
58 4 62 63 76 75 
59 4 63 64 77 76 
60 4 64 65 78 77 
61 4 66 67 80 79 
62 4 67 68 81 80 
63 4 68 69 82 81 
64 4 69 70 83 82 
65 4 70 71 84 83 
66 4 71 72 85 84 
67 4 72 73 86 85 
68 4 73 74 87 86 
69 4 74 75 88 87 
70 4 75 76 89 88 
71 4 76 77 90 89 
72 4 77 78 91 90 
73 4 79 80 93 92 
74 4 80 81 94 93 
75 4 81 82 95 94 
76 4 82 83 96 95 
77 4 83 84 97 96 
78 4 84 85 98 97 
79 4 85 86 99 98 
80 4 86 87 100 99 
81 4 87 88 101 100 
82 4 88 89 102 101 
83 4 89 90 103 102 
84 4 90 91 104 103 
85 4 92 93 106 105 
86 4 93 94 107 106 
87 4 94 95 108 107 
88 4 95 96 109 108 
89 4 96 97 110 109 
90 4 97 98 111 110 
91 4 98 99 112 111 
92 4 99 100 113 112 
93 4 100 101 114 113 
94 4 101 102 115 114 
95 4 102 103 116 115 
96 4 103 104 117 116 
97 4 105 106 119 118 
98 4 106 107 120 119 
99 4 107 108 121 120 
100 4 108 109 122 121 
101 4 109 110 123 122 
102 4 110 111 124 123 
103 4 111 112 125 124 
104 4 112 113 126 125 
105 4 113 114 127 126 
106 4 114 115 128 127 
107 4 115 116 129 128 
108 4 116 117 130 129 
109 4 118 119 132 131 
110 4 119 120 133 132 
111 4 120 121 134 133 
112 4 121 122 135 134 
113 4 122 123 136 135 
114 4 123 124 137 136 
115 4 124 125 138 137 
116 4 125 126 139 138 
117 4 126 127 140 139 
118 4 127 128 141 140 
119 4 128 129 142 141 
120 4 129 130 143 142 
121 4 131 132 145 144 
122 4 132 133 146 145 
123 4 133 134 147 146 
124 4 134 135 148 147 
125 4 135 136 149 148 
126 4 136 137 150 149 
127 4 137 138 151 150 
128 4 138 139 152 151 
129 4 139 140 153 152 
130 4 140 141 154 153 
131 4 141 142 155 154 
132 4 142 143 156 155 
133 4 144 145 158 157 
134 4 145 146 159 158 
135 4 146 147 160 159 
136 4 147 148 161 160 
137 4 148 149 162 161 
138 4 149 150 163 162 
139 4 150 151 164 163 
140 4 151 152 165 164 
141 4 152 153 166 165 
142 4 153 154 167 166 
143 4 154 155 168 167 
144 4 155 156 169 168 
$EndElements
$Boundaries
4
1 1 1 2 3 4 5 6 7 8 9 10 11 12 13 
2 1 157 158 159 160 161 162 163 164 165 166 167 168 169 
3 1 1 14 27 40 53 66 79 92 105 118 131 144 157 
4 1 13 26 39 52 65 78 91 104 117 130 143 156 169 
$EndBoundaries
$BCs
2
1 -1 1 2
2 -1 3 4
$EndBCs
