$Fields
100 6 legendre 6 legendre
1 1 0.01933299852387943 0.015466949146630405 0.009251652104279145 0.0020477708265768785 -0.004378780007222749 -0.008481521213728499 0.10058263209640916 0.09629518048247968 0.08825701628896616 0.07732522552736643 0.0661845465741361 0.05839593473915489 0.225508863560408 0.2206279131833497 0.20987011851362744 0.19329761147144112 0.1749849782336564 0.16157560104296842 0.3617117566015358 0.356264272030831 0.34266531277648216 0.3200776535053513 0.2940591005615898 0.2745903649584401 0.47563308970385704 0.46978569073056053 0.4539240247371211 0.42642999745597343 0.3940700535202907 0.36959683281304717 0.544457376294869 0.5384078044502347 0.5212395868179275 0.49084757641456905 0.4547125157628258 0.4272491979831 
2 1 0.561750359033075 0.5711461449880351 0.5533733829804975 0.5216195757828641 0.48370119150968105 0.45482249304523836 0.6400061789822362 0.6588755797055892 0.6148467667718149 0.5805323560193885 0.5392411689301659 0.5076789989087181 0.7283291422046425 0.7219370719200251 0.7591644006951512 0.6637778911775597 0.6178350622202817 0.5825537847740032 0.8125938525394352 0.806198785035435 0.7846188999440588 0.8071664693059186 0.693456168008387 0.6547237527596382 0.8720389516076378 0.8657613535018867 0.8435014912363283 0.8005464731565973 0.8010430363986472 0.7064117241165598 0.9021594579806408 0.8960167590066749 0.8735280615305743 0.8296795119837833 0.7752717581107609 0.7769189823060032 
3 1 0.9183742864050402 0.9086669259874854 0.8861252900276786 0.8419504319873985 0.7870237482687088 0.7443997738088868 0.934969118506797 0.9669413958764157 0.9065859502208098 0.8619958580810587 0.8063259928880963 0.7630459408696719 0.9529524435237587 0.9474908069218282 0.9853624956608658 0.8807175774345789 0.8246931518801652 0.7810162229962596 0.95309271585649 0.9481927638453727 0.9268747355485576 0.9394286583293028 0.8279765489842376 0.7847749202485376 0.9353555735111254 0.9310456053816044 0.9108900576444795 0.8688814056852557 0.8554137830254439 0.7734013468589607 0.9152672899899904 0.9113777661120884 0.8921585068653508 0.8516020737446178 0.7997035393782722 0.7863506906818157 
4 1 0.9242104507642097 0.8991078257126015 0.880407454575144 0.8406848400154032 0.789729983142431 0.749641642195274 0.8728056331932897 0.9056684639517182 0.8520401144085754 0.814206240517395 0.7654216935752796 0.7269552683960531 0.8135803010790635 0.8111352577075567 0.8351856085235494 0.7612530836010564 0.716546487811105 0.6811570097990117 0.7295425561463114 0.7280093347530806 0.7150959254870776 0.7128610298766048 0.6462380301359515 0.6150687417209834 0.641398157900014 0.6407020810817714 0.6303495820467905 0.6053331734349329 0.5830455389816489 0.5449779420461848 0.5787741260141702 0.5786234431536362 0.5700147259299201 0.5482415882249028 0.5186757495268735 0.49542316229412964 
5 1 0.5770296356893123 0.5461200955665205 0.5384038954236837 0.5183062129842917 0.49078620639062565 0.468545882645354 0.4772600615723194 0.4984609613363736 0.4720439146706137 0.45541751292835825 0.4321523230432133 0.4131923916959443 0.3634481361995394 0.3649536095224037 0.3659962058450018 0.35101578587259574 0.33470341991756475 0.32111897053378696 0.22733193622772033 0.22975108391231172 0.23017477710609652 0.21400471726629824 0.21765854859851103 0.210427209273644 0.10244844629266908 0.10563213847149333 0.10903699090151811 0.1105682434503007 0.08797371603586594 0.10839148649073732 0.021208917709951997 0.02485463159798839 0.030144693777215834 0.03547145004949902 0.03953145249653643 0.01526082472404195 
6 1 0.009443112297067947 -0.015466949146630214 -0.009251652104279475 -0.002047770826577334 0.004378780007222922 0.008481521213728648 -0.10058263209640893 -0.09914168644451762 -0.08825701628896661 -0.07732522552736672 -0.06618454657413649 -0.05839593473915469 -0.22550886356040792 -0.22062791318334965 -0.24299130771283403 -0.19329761147144164 -0.17498497823365639 -0.16157560104296842 -0.36171175660153604 -0.3562642720308312 -0.3426653127764824 -0.3665941235869228 -0.29405910056158996 -0.27459036495844025 -0.47563308970385676 -0.469785690730561 -0.4539240247371209 -0.42642999745597326 -0.4407010763189859 -0.36959683281304695 -0.5444573762948687 -0.538407804450235 -0.5212395868179278 -0.49084757641456933 -0.4547125157628261 -0.47073062919427594 
7 1 -0.5787741260141702 -0.571146144988035 -0.553373382980498 -0.5216195757828639 -0.4837011915096817 -0.45482249304523853 -0.640006178982236 -0.6407020810817721 -0.6148467667718153 -0.5805323560193885 -0.539241168930166 -0.5076789989087181 -0.728329142204643 -0.7219370719200252 -0.7150959254870786 -0.66377789117756 -0.6178350622202817 -0.5825537847740032 -0.8125938525394352 -0.8061987850354349 -0.784618899944059 -0.7612530836010568 -0.6934561680083869 -0.6547237527596382 -0.8720389516076379 -0.8657613535018868 -0.8435014912363283 -0.8005464731565973 -0.7654216935752798 -0.70641172411656 -0.9021594579806407 -0.8960167590066748 -0.8735280615305742 -0.8296795119837834 -0.7752717581107611 -0.7496416421952742 
8 1 -0.9152672899899904 -0.9086669259874854 -0.8861252900276785 -0.8419504319873982 -0.7870237482687085 -0.7443997738088869 -0.934969118506797 -0.9310456053816042 -0.9065859502208097 -0.8619958580810587 -0.8063259928880963 -0.7630459408696718 -0.9529524435237591 -0.9474908069218281 -0.9268747355485575 -0.880717577434579 -0.8246931518801655 -0.7810162229962596 -0.9530927158564899 -0.9481927638453728 -0.9268747355485576 -0.8807175774345789 -0.8279765489842376 -0.7847749202485376 -0.9353555735111255 -0.9310456053816044 -0.9108900576444795 -0.8688814056852558 -0.8063259928880965 -0.7734013468589604 -0.9152672899899905 -0.9113777661120884 -0.8921585068653507 -0.8516020737446177 -0.7997035393782721 -0.7443997738088868 
9 1 -0.9021594579806407 -0.8991078257126017 -0.8804074545751441 -0.8406848400154032 -0.7897299831424308 -0.7496416421952741 -0.8728056331932896 -0.8657613535018863 -0.8520401144085752 -0.8142062405173949 -0.7654216935752794 -0.726955268396053 -0.8135803010790641 -0.8111352577075563 -0.7846188999440586 -0.7612530836010568 -0.7165464878111049 -0.6811570097990118 -0.729542556146311 -0.7280093347530804 -0.7150959254870777 -0.6637778911775591 -0.6462380301359514 -0.6150687417209831 -0.641398157900014 -0.640702081081772 -0.6303495820467906 -0.6053331734349331 -0.5392411689301665 -0.544977942046185 -0.5787741260141707 -0.5786234431536369 -0.5700147259299202 -0.5482415882249031 -0.5186757495268736 -0.45482249304523886 
10 1 -0.5444573762948693 -0.5461200955665206 -0.5384038954236845 -0.5183062129842921 -0.490786206390626 -0.46854588264535446 -0.47726006157231976 -0.4697856907305609 -0.47204391467061463 -0.45541751292835864 -0.4321523230432133 -0.41319239169594485 -0.3634481361995388 -0.3649536095224034 -0.34266531277648227 -0.3510157858725955 -0.3347034199175645 -0.3211189705337866 -0.2273319362277211 -0.2297510839123116 -0.23017477710609655 -0.1932976114714411 -0.21765854859851147 -0.21042720927364433 -0.10244844629266943 -0.10563213847149312 -0.10903699090151776 -0.1105682434503003 -0.06618454657413644 -0.10839148649073775 -0.0212089177099519 -0.02485463159798819 -0.030144693777216517 -0.035471450049498664 -0.03953145249653684 0.008481521213728214 
11 1 -0.026034537829388183 -0.014505403075021805 -0.02050196249268607 -0.026831330978643833 -0.031939646478932736 -0.03493230731006759 0.05435463091917916 0.07109068284312611 0.03223460865089956 0.016077852189511743 0.0014567074154598625 -0.007961839079895727 0.15445379673145881 0.13932491379910983 0.1713795038326881 0.08258732819886658 0.053380558390404974 0.03410287801249527 0.2641429457779273 0.24174428120555833 0.20342833696536577 0.21938157244345552 0.11084400988747173 0.08084840728645491 0.35639811361902396 0.32797689198718016 0.2790469874064515 0.21793431503568195 0.2132581395361838 0.12076017605350313 0.4124046576253349 0.380375921018061 0.3250771547690664 0.25580416651059973 0.18962021004770416 0.18913408544354016 
12 1 0.4391976481753092 0.40545812560724276 0.34713535390705463 0.27398347688405533 0.20402152510784974 0.157144126580988 0.4905738085570214 0.4535837480112687 0.3895097930748426 0.3089715015616343 0.23180845838046113 0.1800437177088126 0.5633925653631835 0.5218806899692263 0.4497845199697418 0.3589192634189423 0.27166879536074123 0.21304926789291634 0.6336474626590142 0.5879105480650989 0.508286964723983 0.4076889874192466 0.3109003918382706 0.24578498412791377 0.6840333948189296 0.6354096025368854 0.5506078418642055 0.44327128873265426 0.33984386750650963 0.27019254647871765 0.7100830240895855 0.6600555874198925 0.5727132536678752 0.4620421955840426 0.3553082294284965 0.2833875245435684 
13 1 0.7597965251742919 0.6705504313223645 0.5821787638110238 0.47014590893291625 0.3620534085400236 0.2891968452505219 0.7394104653165656 0.716385554010363 0.5980054754951339 0.48384853889230367 0.37361725712384153 0.29927869379364574 0.7571345230351688 0.7050957806433444 0.6286985354782287 0.4981562392300586 0.38618878618601393 0.3106180787165249 0.7611201856894872 0.7095149679083506 0.6189972479965574 0.5081979053823134 0.3922033912225106 0.316840050956863 0.7503911686379799 0.7001374416955617 0.6118552152020603 0.4992936963707207 0.3900703086712238 0.31642054765594774 0.7365338101859243 0.6876164538916024 0.6015923554730958 0.4917958101810079 0.38528058165014883 0.3117793408069072 
14 1 0.7487559284822498 0.6795152634432452 0.594849673467579 0.4867285834411159 0.3817931956526598 0.3107861984736001 0.7058174559625567 0.668646575653748 0.5780833917348267 0.47391187977308846 0.37271696242942326 0.3041993809579785 0.6616768269636595 0.6189882484358453 0.5371424649120121 0.44711446336311617 0.35319778676229513 0.2895413409906111 0.5978708673102077 0.5601087855374028 0.49327162147709464 0.3891834826409318 0.3236980256627235 0.26687298731753917 0.5301250208950762 0.4974365749229309 0.43939469252660923 0.36460288236374183 0.2676827219919834 0.2417866543674616 0.4816537146547038 0.4525312062003951 0.4006836248597027 0.3337001408136194 0.2680888468867732 0.1977711144118582 
15 1 0.45171601638797326 0.42892836080314495 0.3803082260562956 0.3173974823708987 0.2557009586994185 0.2136657871141335 0.40262616828383335 0.3655073318586291 0.337353100663635 0.2829569902529072 0.22945145627058292 0.1929262439530407 0.3134810725602156 0.2964482439626167 0.2404162295503048 0.22529015935313304 0.18529723754661734 0.15786965215450724 0.20625519850180668 0.19676008448859295 0.1791330012391545 0.12151419739076867 0.13155101639101185 0.11496951320213494 0.10736913345700172 0.10473184377707485 0.099100331782303 0.09064615968999334 0.04304943371289476 0.07479847713672841 0.04279827093303001 0.04459441871062446 0.046727368285415585 0.0481423597060546 0.048496284617416875 0.008221044304424024 
16 1 -0.017864060703803784 0.014505403075021938 0.020501962492685762 0.026831330978643552 0.031939646478932764 0.034932307310067606 -0.05435463091917897 -0.0772432895691983 -0.03223460865089988 -0.01607785218951188 -0.0014567074154599943 0.007961839079895776 -0.15445379673145887 -0.1393249137991098 -0.14814083405252232 -0.082587328198867 -0.053380558390404925 -0.03410287801249529 -0.2641429457779277 -0.2417442812055584 -0.20342833696536597 -0.19256938114700434 -0.11084400988747184 -0.08084840728645498 -0.35639811361902385 -0.32797689198718055 -0.27904698740645145 -0.2179343150356819 -0.1980272750480841 -0.12076017605350307 -0.4124046576253348 -0.3803759210180613 -0.3250771547690666 -0.25580416651059995 -0.18962021004770432 -0.18446918530428197 
17 1 -0.4806206737838199 -0.4054581256072428 -0.3471353539070551 -0.2739834768840553 -0.20402152510785007 -0.15714412658098809 -0.4905738085570214 -0.490489599784443 -0.38950979307484296 -0.3089715015616344 -0.23180845838046124 -0.18004371770881258 -0.563392565363184 -0.5218806899692262 -0.480113134169044 -0.3589192634189425 -0.27166879536074134 -0.21304926789291637 -0.6336474626590142 -0.5879105480650989 -0.5082869647239834 -0.4330980012791549 -0.31090039183827056 -0.24578498412791377 -0.6840333948189294 -0.6354096025368854 -0.5506078418642055 -0.4432712887326542 -0.3634642954402191 -0.2701925464787176 -0.7100830240895852 -0.6600555874198926 -0.5727132536678752 -0.46204219558404264 -0.3553082294284965 -0.3066984560037546 
18 1 -0.7365338101859243 -0.6705504313223645 -0.582178763811024 -0.4701459089329162 -0.36205340854002355 -0.289196845250522 -0.7394104653165652 -0.7001374416955618 -0.5980054754951339 -0.4838485388923038 -0.3736172571238415 -0.2992786937936457 -0.7571345230351688 -0.7050957806433443 -0.6189972479965579 -0.4981562392300584 -0.3861887861860138 -0.31061807871652486 -0.7611201856894872 -0.7095149679083504 -0.6189972479965574 -0.4981562392300584 -0.3922033912225104 -0.31684005095686296 -0.7503911686379802 -0.7001374416955618 -0.6118552152020603 -0.4992936963707207 -0.3736172571238414 -0.31642054765594774 -0.7365338101859243 -0.6876164538916026 -0.6015923554730959 -0.49179581018100776 -0.3852805816501488 -0.2891968452505219 
19 1 -0.7100830240895853 -0.6795152634432452 -0.5948496734675791 -0.4867285834411159 -0.38179319565265996 -0.3107861984736001 -0.7058174559625565 -0.6354096025368853 -0.5780833917348266 -0.4739118797730886 -0.3727169624294232 -0.3041993809579784 -0.66167682696366 -0.618988248435845 -0.5082869647239832 -0.44711446336311617 -0.35319778676229513 -0.2895413409906112 -0.5978708673102071 -0.5601087855374027 -0.49327162147709464 -0.35891926341894204 -0.3236980256627234 -0.266872987317539 -0.5301250208950764 -0.4974365749229315 -0.4393946925266093 -0.3646028823637419 -0.2318084583804613 -0.2417866543674615 -0.4816537146547042 -0.4525312062003956 -0.4006836248597028 -0.3337001408136195 -0.26808884688677315 -0.15714412658098836 
20 1 -0.4124046576253353 -0.4289283608031451 -0.3803082260562961 -0.3173974823708989 -0.2557009586994187 -0.21366578711413356 -0.4026261682838336 -0.3279768919871805 -0.3373531006636357 -0.2829569902529074 -0.22945145627058286 -0.19292624395304095 -0.3134810725602151 -0.29644824396261665 -0.20342833696536594 -0.2252901593531329 -0.18529723754661714 -0.1578696521545071 -0.2062551985018073 -0.1967600844885929 -0.1791330012391543 -0.0825873281988667 -0.13155101639101208 -0.11496951320213508 -0.10736913345700194 -0.10473184377707481 -0.09910033178230272 -0.09064615968999316 -0.0014567074154600802 -0.07479847713672862 -0.042798270933029896 -0.044594418710624355 -0.04672736828541607 -0.04814235970605432 -0.04849628461741715 0.03493230731006737 
21 1 -0.03268165479227527 -0.03893718434253298 -0.04242452425352065 -0.04546177631342053 -0.047300653584346306 -0.04804013931941719 -0.012634991823221385 0.01588545467909932 -0.0361003238777592 -0.051310714218639586 -0.06382754446425809 -0.07127846098338333 0.024402629242559773 0.004804532823259284 0.034306554463548515 -0.05966850740563235 -0.08861342041953288 -0.10639598530455967 0.06568050755567101 0.034886191545674725 -0.013511349291653712 -0.011627282868014153 -0.11470972511433128 -0.14377489403266147 0.1010311716580703 0.06089206802925014 -0.0024165146552185 -0.07380486841331267 -0.09564215817187328 -0.1742027634710578 0.12282737686168657 0.07705336425903347 0.00474629856453198 -0.07694774053658097 -0.14790057095174616 -0.16470525051550114 
22 1 0.17201162831182878 0.08489888325930772 0.008303418337840427 -0.07830499782859154 -0.1535874294485902 -0.2005579551047839 0.15375891725350863 0.12860065714789964 0.015393317374218956 -0.0806059649375728 -0.16416720439086507 -0.21636214419496788 0.18325917756198534 0.12248362252242935 0.04091363861576555 -0.0830343237486344 -0.17826571764386284 -0.23783282804498307 0.2126692789279797 0.14506046407847373 0.037806685017864765 -0.0795869914801498 -0.1904087668984048 -0.2570352945163207 0.2347503306493663 0.16235298018085556 0.047400711372183706 -0.0833184617501943 -0.19771458819123963 -0.26923100040710873 0.2467790098306185 0.17197561590298882 0.0531414487115882 -0.08207953529217558 -0.20037096641290777 -0.27600555605555616 
23 1 0.25210607582747957 0.17630646306300238 0.05585973734695551 -0.08123837166222735 -0.2012090275081992 -0.2764694487542985 0.2614221460127808 0.18403499253305158 0.06100723458885966 -0.07911247674633555 -0.2018005720782125 -0.2788028422028804 0.2721169488030844 0.1933781314832432 0.06811200244122828 -0.07468385065252071 -0.19982656975712923 -0.27842561411273203 0.27842561411273176 0.1998265697571288 0.07468385065252012 -0.06811200244122884 -0.19337813148324365 -0.2721169488030848 0.2788028422028804 0.20180057207821228 0.0791124767463354 -0.06100723458885978 -0.184034992533052 -0.261422146012781 0.27646944875429846 0.20120902750819938 0.08123837166222692 -0.055859737346955596 -0.1763064630630022 -0.25210607582747985 
24 1 0.27271464357259295 0.20037096641290786 0.08207953529217557 -0.053141448711588664 -0.1719756159029887 -0.2467790098306186 0.2692310004071086 0.19509940527971936 0.08331846175019415 -0.04740071137218392 -0.16235298018085578 -0.23475033064936635 0.25703529451632023 0.19040876689840444 0.07961413150672528 -0.03780668501786527 -0.14506046407847392 -0.21266927892797988 0.23783282804498268 0.17826571764386256 0.08303432374863394 -0.026185205074119665 -0.12248362252242954 -0.18325917756198554 0.2163621441949677 0.16416720439086488 0.08060596493757263 -0.015393317374219024 -0.10017760508905904 -0.15375891725350868 0.20055795510478386 0.15358742944859036 0.07830499782859124 -0.008303418337840493 -0.08489888325930778 -0.13335674955186835 
25 1 0.1659138678366779 0.1479005709517463 0.07694774053658092 -0.0047462985645323535 -0.07705336425903336 -0.1228273768616866 0.17420276347105756 0.1087008225524313 0.07380486841331257 0.002416514655218363 -0.06089206802925036 -0.10103117165807031 0.14377489403266133 0.11470972511433106 0.03987061047140064 0.01351134929165338 -0.03488619154567495 -0.06568050755567129 0.10639598530455936 0.08861342041953267 0.05966850740563213 0.025743450628916874 -0.004804532823259438 -0.024402629242559915 0.07127846098338321 0.06382754446425809 0.051310714218639454 0.03610032387775911 0.021944222587389907 0.01263499182322114 0.048040139319417245 0.04730065358434634 0.04546177631342049 0.04242452425352057 0.0389371843425328 0.03633032242334933 
26 1 -0.004260366207889612 0.038937184342533 0.04242452425352057 0.04546177631342056 0.04730065358434623 0.048040139319417106 0.01263499182322151 -0.019217779784814242 0.03610032387775915 0.0513107142186396 0.06382754446425817 0.07127846098338314 -0.024402629242559665 -0.004804532823259199 -0.015102128611791612 0.059668507405632384 0.08861342041953281 0.10639598530455963 -0.06568050755567108 -0.034886191545674704 0.013511349291653747 0.06783898317941225 0.11470972511433136 0.14377489403266158 -0.10103117165807025 -0.06089206802925019 0.002416514655218551 0.07380486841331274 0.13568410309214915 0.17420276347105776 -0.12282737686168638 -0.07705336425903347 -0.004746298564532049 0.0769477405365811 0.14790057095174633 0.19214044605509056 
27 1 -0.17280728516556507 -0.08489888325930775 -0.008303418337840473 0.07830499782859163 0.1535874294485903 0.20055795510478397 -0.15375891725350851 -0.13979584343257195 -0.01539331737421893 0.08060596493757277 0.16416720439086505 0.21636214419496785 -0.18325917756198543 -0.1224836225224292 -0.06430636786775197 0.08303432374863459 0.178265717643863 0.23783282804498304 -0.21266927892797957 -0.14506046407847364 -0.03780668501786466 0.08402232991760455 0.19040876689840489 0.2570352945163206 -0.23475033064936615 -0.16235298018085562 -0.047400711372183685 0.08331846175019432 0.19759726794875232 0.26923100040710896 -0.24677900983061837 -0.17197561590298882 -0.05314144871158814 0.08207953529217565 0.20037096641290789 0.2745594499073526 
28 1 -0.2753476946935902 -0.1763064630630024 -0.05585973734695546 0.08123837166222744 0.2012090275081993 0.2764694487542988 -0.26142214601278085 -0.2069766463750457 -0.061007234588859705 0.07911247674633552 0.20180057207821245 0.27880284220288054 -0.2721169488030844 -0.19337813148324312 -0.08894776029128505 0.074683850652521 0.19982656975712926 0.27842561411273214 -0.27842561411273176 -0.19982656975712887 -0.07468385065252019 0.08894776029128532 0.19337813148324362 0.27211694880308485 -0.2788028422028804 -0.20180057207821228 -0.07911247674633543 0.06100723458885978 0.20697664637504573 0.261422146012781 -0.27646944875429846 -0.20120902750819933 -0.08123837166222687 0.05585973734695562 0.17630646306300218 0.2753476946935904 
29 1 -0.24677900983061837 -0.20037096641290797 -0.08207953529217546 0.05314144871158857 0.17197561590298877 0.24677900983061848 -0.2692310004071087 -0.1623529801808554 -0.08331846175019415 0.04740071137218384 0.16235298018085575 0.23475033064936623 -0.25703529451632035 -0.19040876689840447 -0.03780668501786467 0.03780668501786538 0.14506046407847398 0.21266927892797993 -0.23783282804498262 -0.1782657176438626 -0.08303432374863394 0.08303432374863419 0.12248362252242948 0.18325917756198554 -0.21636214419496771 -0.16416720439086488 -0.08060596493757263 0.015393317374219069 0.16416720439086502 0.15375891725350885 -0.2005579551047839 -0.15358742944859036 -0.0783049978285912 0.008303418337840547 0.08489888325930776 0.20055795510478414 
30 1 -0.12282737686168682 -0.14790057095174625 -0.0769477405365809 0.004746298564532385 0.07705336425903353 0.12282737686168685 -0.1742027634710578 -0.06089206802925022 -0.07380486841331262 -0.0024165146552183156 0.060892068029250374 0.10103117165807059 -0.1437748940326612 -0.11470972511433099 0.013511349291653655 -0.013511349291653457 0.034886191545674856 0.06568050755567115 -0.10639598530455975 -0.0886134204195327 -0.05966850740563207 0.05966850740563221 0.004804532823259492 0.024402629242560037 -0.0712784609833834 -0.06382754446425813 -0.051310714218639544 -0.036100323877759195 0.06382754446425817 -0.012634991823221161 -0.04804013931941731 -0.04730065358434641 -0.04546177631342058 -0.04242452425352061 -0.03893718434253279 0.0480401393194173 
31 1 -0.026845490433107286 -0.04849628461741681 -0.04814235970605456 -0.04672736828541559 -0.044594418710624154 -0.04279827093302955 -0.07479847713672838 -0.045387477245597906 -0.0906461596899934 -0.09910033178230299 -0.1047318437770745 -0.10736913345700165 -0.11496951320213507 -0.13155101639101188 -0.11587033267376752 -0.1791330012391545 -0.19676008448859286 -0.20625519850180687 -0.15786965215450738 -0.18529723754661734 -0.22529015935313335 -0.23819491132071197 -0.29644824396261704 -0.3134810725602155 -0.192926243953041 -0.22945145627058278 -0.28295699025290727 -0.3373531006636355 -0.3680104022156681 -0.40262616828383346 -0.21366578711413362 -0.25570095869941856 -0.31739748237089876 -0.380308226056296 -0.42892836080314495 -0.45563277890318693 
32 1 -0.20230001271506703 -0.2680888468867734 -0.33370014081361987 -0.40068362485970305 -0.45253120620039533 -0.48165371465470386 -0.24178665436746158 -0.282409365543569 -0.3646028823637422 -0.43939469252660956 -0.4974365749229313 -0.5301250208950765 -0.2668729873175394 -0.32369802566272377 -0.4139134762853051 -0.49327162147709497 -0.5601087855374027 -0.5978708673102078 -0.2895413409906114 -0.3531977867622953 -0.44711446336311655 -0.5618724585563852 -0.6189882484358452 -0.6616768269636597 -0.30419938095797855 -0.37271696242942304 -0.4739118797730887 -0.5780833917348268 -0.6833732192053332 -0.7058174559625569 -0.3107861984735999 -0.3817931956526597 -0.486728583441116 -0.5948496734675794 -0.6795152634432449 -0.7532848267854584 
33 1 -0.31507025328987043 -0.3852805816501491 -0.49179581018100826 -0.601592355473096 -0.6876164538916022 -0.7365338101859243 -0.31642054765594774 -0.3926854915827437 -0.499293696370721 -0.6118552152020607 -0.700137441695562 -0.75039116863798 -0.3168400509568632 -0.39220339122251063 -0.5081707653557381 -0.6189972479965579 -0.7095149679083504 -0.7611201856894875 -0.31061807871652497 -0.386188786186014 -0.49815623923005886 -0.6139701019365833 -0.7050957806433447 -0.7571345230351689 -0.2992786937936458 -0.3736172571238412 -0.4838485388923039 -0.5980054754951339 -0.6879625019515225 -0.7394104653165654 -0.28919684525052186 -0.36205340854002344 -0.4701459089329163 -0.582178763811024 -0.6705504313223641 -0.7211416464143319 
34 1 -0.2833875245435684 -0.35530822942849694 -0.4620421955840431 -0.5727132536678754 -0.6600555874198925 -0.7100830240895853 -0.27019254647871765 -0.33984386750650986 -0.44327128873265437 -0.5506078418642056 -0.6354096025368855 -0.6840333948189298 -0.24578498412791394 -0.3109003918382708 -0.40768898741924686 -0.5082869647239832 -0.587910548065099 -0.6336474626590144 -0.21304926789291648 -0.2716687953607413 -0.35891926341894237 -0.4497845199697418 -0.5218806899692264 -0.5633925653631839 -0.18004371770881264 -0.23180845838046088 -0.30897150156163444 -0.3895097930748426 -0.4535837480112687 -0.49057380855702143 -0.15714412658098809 -0.20402152510784963 -0.27398347688405544 -0.3471353539070546 -0.40545812560724276 -0.4391976481753091 
35 1 -0.14530519974407735 -0.18962021004770452 -0.2558041665105999 -0.3250771547690665 -0.3803759210180609 -0.4124046576253349 -0.1207601760535032 -0.1596912995800371 -0.21793431503568197 -0.2790469874064517 -0.32797689198718033 -0.3563981136190237 -0.0808484072864551 -0.11084400988747185 -0.1558920715385102 -0.20342833696536589 -0.24174428120555844 -0.2641429457779275 -0.034102878012495376 -0.05338055839040516 -0.08258732819886687 -0.11379653898801484 -0.13932491379911 -0.154453796731459 0.007961839079895585 -0.0014567074154601687 -0.01607785218951183 -0.032234608650899776 -0.04595141907527788 -0.054354630919179636 0.034932307310067225 0.03193964647893238 0.02683133097864366 0.02050196249268593 0.014505403075021383 0.010504923887662929 
36 1 0.04827877261555861 0.048496284617416625 0.04814235970605478 0.046727368285415835 0.04459441871062399 0.04279827093302945 0.07479847713672824 0.08145791707836786 0.0906461596899936 0.09910033178230324 0.10473184377707484 0.1073691334570015 0.11496951320213493 0.1315510163910118 0.15545031709330784 0.17913300123915482 0.19676008448859286 0.20625519850180696 0.1578696521545074 0.18529723754661745 0.22529015935313337 0.26565785208503134 0.2964482439626173 0.31348107256021573 0.1929262439530409 0.22945145627058294 0.28295699025290727 0.3373531006636354 0.3792327901161787 0.40262616828383335 0.21366578711413364 0.2557009586994186 0.317397482370899 0.38030822605629633 0.4289283608031452 0.45619497207477955 
37 1 0.22342189477117902 0.26808884688677337 0.33370014081362004 0.40068362485970294 0.4525312062003956 0.4816537146547041 0.24178665436746163 0.2914929780656074 0.36460288236374244 0.4393946925266095 0.4974365749229314 0.5301250208950764 0.26687298731753956 0.3236980256627237 0.40741596815743075 0.4932716214770953 0.5601087855374031 0.5978708673102078 0.2895413409906115 0.3531977867622953 0.44711446336311655 0.5436399730398876 0.6189882484358454 0.6616768269636599 0.30419938095797866 0.37271696242942315 0.47391187977308874 0.5780833917348268 0.6595629631317108 0.7058174559625569 0.31078619847360006 0.3817931956526597 0.48672858344111625 0.5948496734675794 0.6795152634432451 0.7276340464261385 
38 1 0.3132254469551114 0.38528058165014917 0.4917958101810085 0.601592355473096 0.6876164538916023 0.7365338101859247 0.31642054765594774 0.390187628913712 0.4992936963707211 0.6118552152020605 0.7001374416955618 0.7503911686379803 0.3168400509568633 0.3922033912225109 0.5037625669448599 0.618997247996558 0.7095149679083504 0.7611201856894876 0.31061807871652514 0.38618878618601415 0.498156239230059 0.6520912647302153 0.7050957806433448 0.7571345230351691 0.29927869379364586 0.37361725712384136 0.48384853889230384 0.5980054754951342 0.7275807402950352 0.7394104653165655 0.2891968452505219 0.36205340854002355 0.47014590893291625 0.5821787638110237 0.6705504313223641 0.7605921820280285 
39 1 0.3066984560037544 0.3553082294284968 0.46204219558404314 0.5727132536678754 0.6600555874198926 0.7100830240895853 0.2701925464787176 0.3634642954402195 0.44327128873265426 0.5506078418642059 0.6354096025368853 0.6840333948189292 0.24578498412791422 0.3109003918382707 0.43309800127915526 0.5082869647239834 0.5879105480650992 0.6336474626590144 0.21304926789291628 0.27166879536074134 0.3589192634189424 0.48011313416904344 0.5218806899692263 0.5633925653631836 0.18004371770881278 0.23180845838046132 0.30897150156163455 0.3895097930748428 0.49048959978444295 0.4905738085570216 0.15714412658098836 0.20402152510784996 0.2739834768840555 0.34713535390705474 0.4054581256072427 0.4806206737838201 
40 1 0.21366578711413364 0.18962021004770457 0.25580416651060034 0.3250771547690669 0.38037592101806117 0.4124046576253354 0.12076017605350342 0.229451456270583 0.21793431503568242 0.27904698740645195 0.32797689198718066 0.3563981136190244 0.08084840728645497 0.11084400988747174 0.22529015935313335 0.20342833696536572 0.2417442812055581 0.26414294577792713 0.03410287801249564 0.053380558390405154 0.08258732819886691 0.1791330012391543 0.13932491379911033 0.15445379673145931 -0.007961839079895481 0.001456707415460003 0.01607785218951155 0.032234608650899416 0.10473184377707472 0.054354630919179935 -0.034932307310067405 -0.03193964647893258 -0.026831330978643275 -0.020501962492686224 -0.014505403075021038 0.04279827093302976 
41 1 -0.010755261173149825 -0.039531452496536085 -0.035471450049499156 -0.030144693777215743 -0.024854631597987883 -0.021208917709951598 -0.10839148649073699 -0.0893239355260893 -0.1105682434503007 -0.1090369909015182 -0.10563213847149265 -0.10244844629266908 -0.21042720927364403 -0.21765854859851103 -0.2217886910174613 -0.2301747771060968 -0.2297510839123115 -0.2273319362277205 -0.32111897053378696 -0.33470341991756464 -0.35101578587259574 -0.3737801795961647 -0.36495360952240385 -0.3634481361995392 -0.4131923916959447 -0.4321523230432131 -0.4554175129283582 -0.4720439146706141 -0.49981118082659726 -0.47726006157231954 -0.46854588264535424 -0.4907862063906256 -0.5183062129842918 -0.5384038954236842 -0.5461200955665202 -0.5725240721384213 
42 1 -0.4993399248093435 -0.5186757495268732 -0.548241588224903 -0.5700147259299203 -0.5786234431536366 -0.5787741260141702 -0.544977942046185 -0.5855486093386876 -0.6053331734349333 -0.6303495820467908 -0.6407020810817714 -0.641398157900014 -0.6150687417209836 -0.6462380301359517 -0.7106397116470121 -0.7150959254870781 -0.7280093347530807 -0.7295425561463118 -0.6811570097990118 -0.7165464878111051 -0.7612530836010565 -0.8295417438065481 -0.8111352577075568 -0.8135803010790638 -0.7269552683960533 -0.7654216935752798 -0.8142062405173949 -0.8520401144085755 -0.9080065074844221 -0.8728056331932899 -0.7496416421952744 -0.7897299831424305 -0.8406848400154032 -0.8804074545751444 -0.8991078257126015 -0.9428348968928929 
43 1 -0.7851420733606391 -0.7997035393782722 -0.8516020737446178 -0.892158506865351 -0.9113777661120883 -0.9152672899899907 -0.7734013468589607 -0.8423551186448853 -0.8688814056852561 -0.9108900576444797 -0.9310456053816043 -0.9353555735111253 -0.7847749202485376 -0.8279765489842376 -0.9111853307259159 -0.9268747355485576 -0.9481927638453728 -0.9530927158564897 -0.7810162229962593 -0.8246931518801652 -0.8807175774345788 -0.9253124905684004 -0.9474908069218281 -0.9529524435237587 -0.7630459408696718 -0.8063259928880963 -0.8619958580810585 -0.9065859502208095 -0.9291117186099276 -0.9349691185067969 -0.7443997738088866 -0.7870237482687085 -0.8419504319873982 -0.8861252900276783 -0.9086669259874854 -0.9147256187739677 
44 1 -0.7330900966065412 -0.7752717581107608 -0.8296795119837832 -0.873528061530574 -0.8960167590066749 -0.9021594579806409 -0.70641172411656 -0.7474761964425006 -0.8005464731565973 -0.8435014912363281 -0.8657613535018867 -0.8720389516076377 -0.6547237527596382 -0.6934561680083867 -0.7436769684009731 -0.7846188999440582 -0.8061987850354347 -0.812593852539435 -0.582553784774003 -0.6178350622202816 -0.6637778911775594 -0.701581435850478 -0.721937071920025 -0.7283291422046424 -0.507678998908718 -0.5392411689301659 -0.5805323560193884 -0.6148467667718146 -0.6337363159377413 -0.6400061789822359 -0.45482249304523853 -0.48370119150968094 -0.521619575782864 -0.5533733829804974 -0.5711461449880353 -0.5772799729747998 
45 1 -0.4272491979831 -0.4547125157628259 -0.4908475764145688 -0.5212395868179275 -0.5384078044502346 -0.5444573762948687 -0.3695968328130471 -0.3940700535202907 -0.4264299974559731 -0.453924024737121 -0.46978569073056087 -0.47563308970385676 -0.2745903649584402 -0.2940591005615897 -0.3200776535053513 -0.3426653127764821 -0.3562642720308311 -0.361711756601536 -0.16157560104296817 -0.17498497823365655 -0.19329761147144117 -0.20987011851362744 -0.2206279131833497 -0.22550886356040808 -0.05839593473915501 -0.06618454657413664 -0.0773252255273665 -0.08825701628896622 -0.09629518048247962 -0.10058263209640965 0.008481521213728015 0.004378780007222242 -0.0020477708265770663 -0.009251652104279159 -0.015466949146630925 -0.019332998523879954 
46 1 0.041786372603751815 0.03953145249653584 0.03547145004949945 0.030144693777216083 0.02485463159798773 0.02120891770995137 0.10839148649073677 0.10985745589817969 0.11056824345030103 0.10903699090151849 0.10563213847149325 0.10244844629266886 0.2104272092736438 0.21765854859851091 0.22578044599000358 0.23017477710609724 0.2297510839123115 0.22733193622772058 0.32111897053378713 0.33470341991756497 0.3510157858725961 0.36200445087246064 0.3649536095224042 0.36344813619953953 0.41319239169594446 0.43215232304321355 0.4554175129283582 0.47204391467061413 0.47792744096428347 0.47726006157231937 0.46854588264535385 0.4907862063906259 0.5183062129842922 0.5384038954236846 0.5461200955665209 0.545998524258712 
47 1 0.49486096912253863 0.5186757495268735 0.5482415882249035 0.5700147259299203 0.5786234431536372 0.5787741260141703 0.5449779420461849 0.5718231510811391 0.6053331734349338 0.6303495820467907 0.6407020810817715 0.6413981579000141 0.6150687417209838 0.6462380301359518 0.685398089112287 0.7150959254870783 0.7280093347530808 0.729542556146312 0.681157009799012 0.7165464878111051 0.7612530836010569 0.7956056241040105 0.811135257707557 0.8135803010790641 0.7269552683960532 0.7654216935752797 0.8142062405173951 0.8520401144085754 0.8695980241189497 0.8728056331932902 0.7496416421952742 0.7897299831424307 0.8406848400154032 0.8804074545751442 0.8991078257126016 0.9027771685817589 
48 1 0.7589154951422273 0.7997035393782721 0.851602073744618 0.892158506865351 0.9113777661120884 0.9152672899899909 0.7734013468589608 0.8153718381051687 0.8688814056852563 0.9108900576444796 0.9310456053816044 0.9353555735111255 0.7847749202485377 0.8279765489842378 0.8832169580179055 0.9268747355485574 0.9481927638453729 0.9530927158564901 0.7810162229962595 0.8246931518801655 0.8807175774345787 0.9661580698091087 0.947490806921828 0.9529524435237586 0.7630459408696718 0.8063259928880965 0.8619958580810582 0.9065859502208092 0.9702737209821317 0.9349691185067969 0.7443997738088869 0.7870237482687088 0.8419504319873983 0.8861252900276781 0.9086669259874856 0.9553163074052066 
49 1 0.7722540821667448 0.775271758110761 0.8296795119837832 0.8735280615305743 0.896016759006675 0.9021594579806409 0.7064117241165601 0.7858121719105473 0.8005464731565972 0.8435014912363281 0.8657613535018865 0.8720389516076377 0.6547237527596389 0.6934561680083867 0.7803542780094677 0.7846188999440585 0.8061987850354352 0.8125938525394353 0.5825537847740025 0.6178350622202814 0.6637778911775593 0.7359257309149851 0.721937071920025 0.7283291422046422 0.5076789989087183 0.5392411689301666 0.5805323560193886 0.6148467667718149 0.6650281864316623 0.640006178982236 0.4548224930452389 0.48370119150968155 0.5216195757828642 0.5533733829804975 0.571146144988035 0.6056489575662676 
50 1 0.4707306291942761 0.45471251576282623 0.4908475764145694 0.5212395868179278 0.538407804450235 0.5444573762948692 0.3695968328130477 0.44070107631898636 0.42642999745597393 0.45392402473712146 0.46978569073056115 0.4756330897038575 0.27459036495843986 0.29405910056158957 0.36659412358692306 0.3426653127764818 0.3562642720308306 0.36171175660153554 0.16157560104296892 0.17498497823365639 0.1932976114714412 0.2429913077128337 0.22062791318335012 0.22550886356040842 0.05839593473915523 0.06618454657413644 0.07732522552736608 0.08825701628896576 0.0991416864445186 0.10058263209641005 -0.008481521213728244 -0.0043787800072224705 0.0020477708265776813 0.009251652104278727 0.015466949146631341 -0.0094431122970665 
51 1 0.00944311229706742 -0.015466949146630436 -0.009251652104279032 -0.0020477708265768143 0.004378780007222815 0.008481521213728659 -0.10058263209640919 -0.09914168644451782 -0.0882570162889661 -0.07732522552736636 -0.06618454657413604 -0.0583959347391548 -0.22550886356040795 -0.2206279131833496 -0.24299130771283375 -0.19329761147144112 -0.17498497823365627 -0.1615756010429683 -0.3617117566015358 -0.35626427203083094 -0.34266531277648205 -0.36659412358692256 -0.2940591005615897 -0.27459036495844 -0.47563308970385715 -0.46978569073056065 -0.4539240247371212 -0.4264299974559734 -0.44070107631898614 -0.369596832813047 -0.544457376294869 -0.5384078044502347 -0.5212395868179275 -0.49084757641456905 -0.4547125157628259 -0.47073062919427555 
52 1 -0.6056489575662671 -0.571146144988035 -0.5533733829804974 -0.5216195757828639 -0.48370119150968116 -0.45482249304523814 -0.6400061789822361 -0.6650281864316615 -0.614846766771815 -0.5805323560193885 -0.5392411689301657 -0.5076789989087179 -0.7283291422046426 -0.721937071920025 -0.7359257309149855 -0.6637778911775597 -0.6178350622202816 -0.5825537847740027 -0.8125938525394351 -0.806198785035435 -0.7846188999440585 -0.7803542780094676 -0.6934561680083866 -0.654723752759638 -0.8720389516076378 -0.8657613535018864 -0.8435014912363282 -0.8005464731565971 -0.7858121719105476 -0.7064117241165597 -0.9021594579806408 -0.8960167590066748 -0.873528061530574 -0.829679511983783 -0.7752717581107608 -0.7722540821667451 
53 1 -0.9553163074052065 -0.9086669259874854 -0.8861252900276784 -0.8419504319873984 -0.7870237482687087 -0.7443997738088867 -0.9349691185067969 -0.9702737209821314 -0.9065859502208097 -0.8619958580810586 -0.806325992888096 -0.7630459408696716 -0.9529524435237585 -0.947490806921828 -0.9661580698091087 -0.8807175774345787 -0.824693151880165 -0.7810162229962592 -0.9530927158564899 -0.9481927638453727 -0.9268747355485574 -0.883216958017905 -0.8279765489842373 -0.7847749202485373 -0.9353555735111253 -0.9310456053816043 -0.9108900576444795 -0.8688814056852557 -0.8153718381051682 -0.7734013468589603 -0.9152672899899904 -0.9113777661120882 -0.8921585068653508 -0.8516020737446176 -0.7997035393782719 -0.7589154951422268 
54 1 -0.9027771685817587 -0.8991078257126016 -0.880407454575144 -0.8406848400154031 -0.7897299831424307 -0.7496416421952737 -0.8728056331932897 -0.8695980241189492 -0.8520401144085753 -0.8142062405173948 -0.7654216935752793 -0.7269552683960528 -0.8135803010790637 -0.8111352577075568 -0.7956056241040097 -0.7612530836010563 -0.7165464878111044 -0.6811570097990114 -0.7295425561463114 -0.7280093347530805 -0.7150959254870778 -0.685398089112286 -0.6462380301359514 -0.6150687417209831 -0.6413981579000138 -0.6407020810817713 -0.6303495820467904 -0.6053331734349329 -0.5718231510811382 -0.5449779420461845 -0.5787741260141702 -0.5786234431536361 -0.5700147259299201 -0.5482415882249027 -0.5186757495268736 -0.494860969122538 
55 1 -0.5459985242587113 -0.5461200955665205 -0.5384038954236838 -0.5183062129842916 -0.49078620639062565 -0.4685458826453539 -0.47726006157231937 -0.4779274409642833 -0.47204391467061374 -0.4554175129283582 -0.43215232304321316 -0.4131923916959441 -0.3634481361995393 -0.3649536095224036 -0.3620044508724603 -0.3510157858725957 -0.3347034199175647 -0.32111897053378696 -0.22733193622772038 -0.22975108391231172 -0.23017477710609668 -0.225780445990003 -0.21765854859851105 -0.21042720927364397 -0.10244844629266915 -0.1056321384714932 -0.10903699090151836 -0.11056824345030077 -0.10985745589818004 -0.10839148649073738 -0.02120891770995203 -0.024854631597988324 -0.030144693777215882 -0.03547145004949921 -0.039531452496536515 -0.04178637260375232 
56 1 0.01933299852387928 0.015466949146630314 0.009251652104279473 0.002047770826577376 -0.004378780007222924 -0.0084815212137287 0.10058263209640891 0.09629518048247945 0.08825701628896657 0.07732522552736679 0.06618454657413646 0.058395934739154644 0.22550886356040795 0.22062791318334965 0.20987011851362794 0.19329761147144167 0.17498497823365633 0.1615756010429683 0.3617117566015361 0.3562642720308312 0.3426653127764822 0.3200776535053514 0.29405910056158996 0.27459036495844014 0.4756330897038569 0.4697856907305608 0.4539240247371208 0.42642999745597315 0.3940700535202905 0.3695968328130467 0.5444573762948687 0.5384078044502351 0.5212395868179277 0.4908475764145693 0.4547125157628262 0.4272491979831001 
57 1 0.5772799729748003 0.571146144988035 0.553373382980498 0.5216195757828639 0.4837011915096817 0.45482249304523825 0.6400061789822361 0.6337363159377419 0.6148467667718154 0.5805323560193885 0.5392411689301659 0.507678998908718 0.7283291422046431 0.7219370719200252 0.7015814358504788 0.66377789117756 0.6178350622202817 0.5825537847740029 0.8125938525394352 0.8061987850354347 0.7846188999440589 0.7436769684009736 0.6934561680083867 0.654723752759638 0.8720389516076378 0.8657613535018864 0.8435014912363283 0.8005464731565972 0.7474761964425004 0.7064117241165597 0.9021594579806406 0.8960167590066749 0.8735280615305743 0.8296795119837832 0.775271758110761 0.7330900966065408 
58 1 0.9147256187739679 0.9086669259874853 0.8861252900276784 0.8419504319873984 0.7870237482687086 0.7443997738088867 0.9349691185067971 0.9291117186099275 0.9065859502208098 0.8619958580810587 0.806325992888096 0.7630459408696714 0.9529524435237587 0.9474908069218282 0.9253124905684004 0.8807175774345789 0.8246931518801651 0.7810162229962593 0.9530927158564901 0.9481927638453728 0.9268747355485573 0.9111853307259158 0.8279765489842374 0.7847749202485373 0.9353555735111253 0.9310456053816044 0.9108900576444793 0.8688814056852557 0.8423551186448855 0.7734013468589601 0.9152672899899906 0.9113777661120885 0.8921585068653507 0.8516020737446175 0.799703539378272 0.7851420733606385 
59 1 0.9428348968928931 0.8991078257126016 0.880407454575144 0.840684840015403 0.7897299831424308 0.7496416421952736 0.8728056331932899 0.908006507484422 0.8520401144085752 0.814206240517395 0.7654216935752792 0.7269552683960527 0.8135803010790641 0.8111352577075566 0.8295417438065483 0.7612530836010566 0.7165464878111046 0.6811570097990116 0.7295425561463109 0.7280093347530805 0.7150959254870776 0.7106397116470119 0.6462380301359512 0.6150687417209829 0.641398157900014 0.640702081081772 0.6303495820467906 0.6053331734349331 0.5855486093386881 0.5449779420461848 0.5787741260141708 0.5786234431536371 0.5700147259299203 0.548241588224903 0.5186757495268736 0.49933992480934375 
60 1 0.5725240721384217 0.5461200955665209 0.5384038954236844 0.5183062129842921 0.49078620639062615 0.46854588264535424 0.47726006157232 0.49981118082659765 0.4720439146706146 0.4554175129283587 0.4321523230432135 0.41319239169594474 0.3634481361995388 0.36495360952240347 0.3737801795961651 0.35101578587259546 0.3347034199175643 0.32111897053378646 0.22733193622772094 0.2297510839123115 0.23017477710609655 0.22178869101746115 0.21765854859851128 0.21042720927364433 0.10244844629266932 0.10563213847149305 0.10903699090151746 0.11056824345030017 0.08932393552608953 0.10839148649073768 0.021208917709951695 0.02485463159798808 0.030144693777216562 0.035471450049498476 0.03953145249653679 0.010755261173150461 
61 1 -0.0427982709330296 0.014505403075021798 0.02050196249268603 0.02683133097864374 0.03193964647893273 0.034932307310067516 -0.05435463091917918 -0.10473184377707448 -0.03223460865089952 -0.01607785218951173 -0.0014567074154597974 0.0079618390798957 -0.1544537967314589 -0.1393249137991098 -0.17913300123915415 -0.08258732819886654 -0.05338055839040499 -0.03410287801249533 -0.26414294577792746 -0.24174428120555844 -0.2034283369653656 -0.22529015935313296 -0.11084400988747166 -0.08084840728645487 -0.356398113619024 -0.3279768919871802 -0.27904698740645156 -0.21793431503568175 -0.22945145627058264 -0.12076017605350323 -0.41240465762533496 -0.38037592101806106 -0.32507715476906646 -0.25580416651059995 -0.18962021004770413 -0.2136657871141334 
62 1 -0.48062067378382006 -0.4054581256072428 -0.3471353539070546 -0.2739834768840555 -0.2040215251078496 -0.15714412658098798 -0.49057380855702126 -0.4904895997844428 -0.38950979307484274 -0.3089715015616345 -0.231808458380461 -0.1800437177088127 -0.5633925653631836 -0.5218806899692259 -0.4801131341690427 -0.3589192634189418 -0.27166879536074107 -0.21304926789291626 -0.6336474626590143 -0.5879105480650988 -0.5082869647239826 -0.4330980012791542 -0.31090039183827034 -0.24578498412791364 -0.6840333948189294 -0.6354096025368854 -0.5506078418642056 -0.4432712887326538 -0.36346429544021874 -0.2701925464787176 -0.7100830240895852 -0.6600555874198922 -0.5727132536678751 -0.4620421955840427 -0.35530822942849644 -0.3066984560037542 
63 1 -0.7605921820280288 -0.6705504313223645 -0.5821787638110238 -0.4701459089329166 -0.3620534085400233 -0.28919684525052175 -0.7394104653165654 -0.7275807402950351 -0.5980054754951339 -0.483848538892304 -0.3736172571238411 -0.29927869379364563 -0.7571345230351687 -0.7050957806433439 -0.6520912647302143 -0.4981562392300579 -0.38618878618601377 -0.3106180787165248 -0.7611201856894872 -0.7095149679083503 -0.6189972479965572 -0.5037625669448588 -0.39220339122251036 -0.31684005095686285 -0.75039116863798 -0.7001374416955616 -0.6118552152020602 -0.4992936963707203 -0.3901876289137114 -0.3164205476559476 -0.736533810185924 -0.6876164538916024 -0.6015923554730959 -0.4917958101810079 -0.3852805816501487 -0.31322544695511106 
64 1 -0.7276340464261383 -0.679515263443245 -0.5948496734675791 -0.486728583441116 -0.3817931956526595 -0.31078619847359973 -0.7058174559625565 -0.6595629631317103 -0.5780833917348265 -0.47391187977308863 -0.3727169624294229 -0.30419938095797827 -0.6616768269636595 -0.6189882484358448 -0.5436399730398865 -0.4471144633631156 -0.3531977867622948 -0.28954134099061085 -0.5978708673102074 -0.5601087855374027 -0.49327162147709414 -0.4074159681574293 -0.32369802566272327 -0.2668729873175389 -0.5301250208950762 -0.49743657492293103 -0.4393946925266091 -0.36460288236374155 -0.2914929780656066 -0.2417866543674614 -0.481653714654704 -0.452531206200395 -0.4006836248597026 -0.3337001408136193 -0.2680888468867731 -0.22342189477117855 
65 1 -0.4561949720747788 -0.4289283608031449 -0.3803082260562955 -0.31739748237089865 -0.2557009586994183 -0.2136657871141333 -0.4026261682838332 -0.37923279011617866 -0.33735310066363505 -0.2829569902529072 -0.22945145627058267 -0.19292624395304064 -0.31348107256021546 -0.29644824396261654 -0.26565785208503073 -0.22529015935313276 -0.1852972375466172 -0.15786965215450713 -0.20625519850180674 -0.19676008448859292 -0.17913300123915427 -0.15545031709330706 -0.13155101639101177 -0.11496951320213487 -0.1073691334570017 -0.10473184377707474 -0.099100331782303 -0.09064615968999327 -0.08145791707836786 -0.07479847713672841 -0.042798270933029944 -0.04459441871062435 -0.04672736828541554 -0.048142359706054544 -0.04849628461741685 -0.04827877261555867 
66 1 -0.010504923887663536 -0.014505403075021957 -0.02050196249268571 -0.026831330978643514 -0.031939646478932736 -0.03493230731006751 0.05435463091917898 0.04595141907527765 0.03223460865089986 0.016077852189511986 0.0014567074154600151 -0.00796183907989569 0.15445379673145887 0.1393249137991098 0.11379653898801499 0.0825873281988668 0.053380558390404925 0.034102878012495286 0.2641429457779277 0.24174428120555863 0.20342833696536575 0.15589207153850987 0.11084400988747177 0.08084840728645491 0.35639811361902374 0.3279768919871806 0.2790469874064514 0.2179343150356818 0.15969129958003697 0.12076017605350303 0.41240465762533485 0.3803759210180611 0.3250771547690667 0.2558041665106001 0.1896202100477043 0.14530519974407743 
67 1 0.43919764817530943 0.40545812560724265 0.347135353907055 0.2739834768840554 0.20402152510784982 0.15714412658098798 0.49057380855702143 0.4535837480112692 0.38950979307484296 0.30897150156163455 0.23180845838046096 0.18004371770881264 0.5633925653631842 0.5218806899692262 0.44978451996974167 0.35891926341894215 0.2716687953607411 0.21304926789291626 0.6336474626590143 0.5879105480650989 0.5082869647239828 0.4076889874192461 0.3109003918382704 0.24578498412791372 0.6840333948189294 0.6354096025368853 0.5506078418642054 0.44327128873265376 0.3398438675065094 0.2701925464787176 0.7100830240895851 0.6600555874198925 0.5727132536678751 0.46204219558404275 0.3553082294284963 0.2833875245435683 
68 1 0.7211416464143316 0.6705504313223641 0.5821787638110238 0.4701459089329163 0.36205340854002316 0.28919684525052186 0.7394104653165654 0.6879625019515222 0.5980054754951338 0.483848538892304 0.37361725712384114 0.29927869379364563 0.7571345230351688 0.7050957806433439 0.6139701019365825 0.498156239230058 0.3861887861860136 0.31061807871652464 0.7611201856894874 0.7095149679083504 0.6189972479965569 0.5081707653557369 0.3922033912225103 0.3168400509568628 0.7503911686379799 0.7001374416955617 0.6118552152020599 0.4992936963707202 0.39268549158274324 0.31642054765594746 0.7365338101859243 0.6876164538916023 0.6015923554730955 0.4917958101810077 0.3852805816501485 0.31507025328986993 
69 1 0.7532848267854579 0.6795152634432449 0.5948496734675791 0.4867285834411161 0.38179319565265946 0.31078619847359973 0.7058174559625566 0.6833732192053327 0.5780833917348263 0.47391187977308846 0.37271696242942276 0.30419938095797816 0.66167682696366 0.6189882484358445 0.5618724585563843 0.4471144633631157 0.3531977867622948 0.28954134099061096 0.5978708673102071 0.5601087855374026 0.4932716214770939 0.41391347628530384 0.32369802566272315 0.2668729873175389 0.5301250208950765 0.4974365749229315 0.43939469252660923 0.3646028823637416 0.282409365543569 0.24178665436746133 0.4816537146547044 0.4525312062003956 0.40068362485970277 0.33370014081361954 0.2680888468867731 0.2023000127150673 
70 1 0.4556327789031872 0.42892836080314495 0.3803082260562961 0.3173974823708988 0.25570095869941845 0.21366578711413337 0.4026261682838335 0.36801040221566794 0.3373531006636356 0.28295699025290744 0.22945145627058278 0.19292624395304087 0.3134810725602152 0.29644824396261654 0.2381949113207113 0.22529015935313274 0.18529723754661714 0.15786965215450702 0.20625519850180735 0.196760084488593 0.17913300123915424 0.11587033267376713 0.13155101639101197 0.11496951320213501 0.10736913345700198 0.10473184377707477 0.09910033178230272 0.09064615968999302 0.045387477245597954 0.07479847713672858 0.042798270933029924 0.044594418710624355 0.0467273682854161 0.04814235970605425 0.0484962846174171 0.026845490433106675 
71 1 -0.04804013931941713 0.03893718434253299 0.042424524253520626 0.04546177631342057 0.04730065358434631 0.04804013931941717 0.012634991823221366 -0.06382754446425795 0.03610032387775926 0.051310714218639614 0.06382754446425798 0.07127846098338342 -0.02440262924255967 -0.004804532823259187 -0.05966850740563226 0.05966850740563235 0.08861342041953277 0.10639598530455974 -0.0656805075556709 -0.034886191545674586 0.013511349291653867 -0.013511349291653273 0.11470972511433115 0.14377489403266144 -0.1010311716580705 -0.06089206802925019 0.002416514655218788 0.07380486841331292 0.060892068029250145 0.1742027634710581 -0.12282737686168672 -0.07705336425903354 -0.004746298564531631 0.0769477405365813 0.14790057095174594 0.12282737686168674 
72 1 -0.20055795510478394 -0.08489888325930739 -0.008303418337840008 0.07830499782859161 0.1535874294485899 0.2005579551047839 -0.1537589172535088 -0.16416720439086446 -0.015393317374218568 0.0806059649375731 0.16416720439086444 0.21636214419496838 -0.1832591775619851 -0.122483622522429 -0.08303432374863412 0.08303432374863451 0.1782657176438628 0.23783282804498335 -0.2126692789279793 -0.14506046407847342 -0.03780668501786438 0.03780668501786551 0.19040876689840464 0.2570352945163205 -0.23475033064936643 -0.1623529801808557 -0.04740071137218316 0.0833184617501947 0.16235298018085567 0.2692310004071094 -0.24677900983061868 -0.17197561590298888 -0.05314144871158759 0.08207953529217608 0.20037096641290725 0.2467790098306187 
73 1 -0.27534769469359033 -0.17630646306300188 -0.05585973734695502 0.08123837166222736 0.20120902750819872 0.27646944875429863 -0.26142214601278113 -0.20697664637504487 -0.06100723458885913 0.07911247674633591 0.20180057207821162 0.27880284220288115 -0.2721169488030841 -0.19337813148324287 -0.08894776029128496 0.07468385065252095 0.19982656975712904 0.27842561411273253 -0.27842561411273137 -0.19982656975712854 -0.07468385065251977 0.08894776029128601 0.19337813148324337 0.2721169488030846 -0.2788028422028805 -0.20180057207821236 -0.07911247674633494 0.06100723458886011 0.20697664637504543 0.26142214601278174 -0.2764694487542987 -0.2012090275081994 -0.08123837166222635 0.05585973734695606 0.1763064630630016 0.2753476946935905 
74 1 -0.27455944990735226 -0.20037096641290728 -0.08207953529217472 0.0531414487115888 0.17197561590298815 0.24677900983061868 -0.26923100040710884 -0.19759726794875151 -0.08331846175019351 0.04740071137218429 0.16235298018085498 0.23475033064936698 -0.25703529451631985 -0.1904087668984042 -0.08402232991760401 0.03780668501786548 0.14506046407847384 0.21266927892798035 -0.23783282804498238 -0.1782657176438623 -0.08303432374863355 0.06430636786775272 0.12248362252242942 0.18325917756198554 -0.21636214419496794 -0.1641672043908648 -0.08060596493757213 0.015393317374219364 0.13979584343257176 0.15375891725350915 -0.20055795510478394 -0.1535874294485902 -0.0783049978285908 0.008303418337840826 0.08489888325930744 0.17280728516556543 
75 1 -0.19214044605509023 -0.1479005709517458 -0.0769477405365805 0.004746298564532459 0.07705336425903314 0.12282737686168674 -0.17420276347105768 -0.13568410309214862 -0.07380486841331213 -0.002416514655218134 0.06089206802924984 0.10103117165807068 -0.14377489403266117 -0.11470972511433082 -0.06783898317941184 -0.0135113492916533 0.034886191545674836 0.06568050755567142 -0.10639598530455928 -0.08861342041953249 -0.05966850740563199 0.01510212861179197 0.004804532823259445 0.024402629242559943 -0.07127846098338321 -0.06382754446425808 -0.05131071421863935 -0.03610032387775902 0.01921777978481464 -0.01263499182322104 -0.04804013931941717 -0.04730065358434628 -0.04546177631342046 -0.04242452425352048 -0.03893718434253279 0.00426036620788986 
76 1 -0.03633032242334957 -0.03893718434253293 -0.0424245242535206 -0.04546177631342054 -0.04730065358434622 -0.0480401393194171 -0.012634991823221382 -0.021944222587390004 -0.036100323877759216 -0.051310714218639586 -0.06382754446425809 -0.07127846098338317 0.024402629242559672 0.00480453282325923 -0.02574345062891699 -0.05966850740563233 -0.08861342041953275 -0.10639598530455972 0.06568050755567101 0.03488619154567469 -0.013511349291653825 -0.039870610471400544 -0.11470972511433124 -0.14377489403266153 0.10103117165807045 0.06089206802925029 -0.0024165146552188755 -0.07380486841331291 -0.10870082255243145 -0.17420276347105812 0.12282737686168668 0.07705336425903354 0.004746298564531676 -0.0769477405365813 -0.1479005709517459 -0.16591386783667836 
77 1 0.13335674955186852 0.08489888325930749 0.00830341833784011 -0.07830499782859161 -0.15358742944859 -0.20055795510478397 0.1537589172535089 0.10017760508905885 0.015393317374218545 -0.08060596493757308 -0.16416720439086432 -0.21636214419496838 0.18325917756198523 0.12248362252242906 0.026185205074119484 -0.08303432374863454 -0.17826571764386281 -0.23783282804498354 0.21266927892797932 0.14506046407847348 0.03780668501786438 -0.07961413150672621 -0.1904087668984047 -0.2570352945163205 0.23475033064936646 0.16235298018085573 0.04740071137218308 -0.08331846175019478 -0.1950994052797199 -0.26923100040710957 0.24677900983061868 0.171975615902989 0.053141448711587526 -0.08207953529217604 -0.20037096641290733 -0.2727146435725931 
78 1 0.25210607582747985 0.17630646306300177 0.055859737346954964 -0.0812383716622275 -0.2012090275081987 -0.27646944875429874 0.2614221460127812 0.18403499253305133 0.061007234588859066 -0.07911247674633588 -0.2018005720782116 -0.2788028422028812 0.272116948803084 0.19337813148324298 0.06811200244122854 -0.07468385065252088 -0.1998265697571291 -0.27842561411273264 0.2784256141127315 0.19982656975712856 0.07468385065251971 -0.06811200244122927 -0.19337813148324345 -0.2721169488030847 0.27880284220288043 0.20180057207821245 0.07911247674633479 -0.061007234588860274 -0.1840349925330519 -0.26142214601278174 0.2764694487542987 0.20120902750819947 0.08123837166222625 -0.05585973734695603 -0.17630646306300174 -0.25210607582747985 
79 1 0.2760055560555559 0.20037096641290725 0.08207953529217481 -0.05314144871158867 -0.1719756159029882 -0.24677900983061857 0.26923100040710884 0.19771458819123866 0.08331846175019353 -0.04740071137218423 -0.16235298018085498 -0.23475033064936693 0.25703529451632 0.1904087668984042 0.0795869914801493 -0.03780668501786548 -0.1450604640784739 -0.21266927892798043 0.2378328280449822 0.17826571764386223 0.08303432374863351 -0.04091363861576622 -0.12248362252242945 -0.18325917756198543 0.21636214419496783 0.164167204390865 0.08060596493757216 -0.015393317374219433 -0.1286006571479 -0.15375891725350935 0.200557955104784 0.15358742944859033 0.07830499782859077 -0.008303418337840865 -0.0848988832593075 -0.17201162831182895 
80 1 0.1647052505155009 0.1479005709517458 0.07694774053658042 -0.0047462985645324645 -0.07705336425903325 -0.12282737686168686 0.1742027634710579 0.09564215817187272 0.07380486841331219 0.0024165146552182016 -0.06089206802924995 -0.10103117165807093 0.14377489403266103 0.11470972511433088 0.011627282868013754 0.013511349291653301 -0.03488619154567476 -0.06568050755567133 0.1063959853045595 0.08861342041953252 0.05966850740563194 -0.0343065544635485 -0.0048045328232594895 -0.024402629242560012 0.07127846098338338 0.06382754446425812 0.05131071421863936 0.03610032387775906 -0.015885454679098993 0.012634991823220965 0.04804013931941722 0.04730065358434633 0.045461776313420584 0.04242452425352058 0.03893718434253279 0.03268165479227572 
81 1 -0.03493230731006759 0.04849628461741679 0.04814235970605456 0.046727368285415564 0.04459441871062415 0.04279827093302961 0.07479847713672846 0.0014567074154599293 0.09064615968999336 0.09910033178230303 0.10473184377707448 0.10736913345700162 0.11496951320213497 0.1315510163910119 0.08258732819886677 0.17913300123915454 0.19676008448859297 0.206255198501807 0.15786965215450718 0.18529723754661742 0.22529015935313307 0.203428336965366 0.29644824396261704 0.31348107256021557 0.19292624395304106 0.22945145627058294 0.2829569902529073 0.3373531006636357 0.32797689198718044 0.40262616828383346 0.21366578711413378 0.25570095869941845 0.3173974823708987 0.3803082260562961 0.42892836080314495 0.41240465762533507 
82 1 0.15714412658098828 0.26808884688677304 0.33370014081361965 0.40068362485970277 0.45253120620039516 0.4816537146547036 0.2417866543674619 0.23180845838046116 0.364602882363742 0.4393946925266097 0.49743657492293125 0.5301250208950762 0.266872987317539 0.3236980256627239 0.35891926341894276 0.4932716214770952 0.560108785537403 0.5978708673102079 0.2895413409906109 0.35319778676229546 0.44711446336311617 0.5082869647239834 0.6189882484358453 0.6616768269636598 0.3041993809579788 0.3727169624294235 0.4739118797730886 0.5780833917348271 0.6354096025368856 0.7058174559625565 0.3107861984736003 0.38179319565265946 0.48672858344111614 0.5948496734675796 0.679515263443245 0.7100830240895855 
83 1 0.28919684525052225 0.3852805816501482 0.4917958101810077 0.6015923554730958 0.6876164538916021 0.736533810185924 0.31642054765594807 0.37361725712384164 0.4992936963707207 0.6118552152020609 0.7001374416955615 0.7503911686379798 0.3168400509568627 0.3922033912225108 0.498156239230059 0.6189972479965579 0.7095149679083503 0.7611201856894875 0.3106180787165246 0.3861887861860142 0.49815623923005853 0.6189972479965578 0.7050957806433445 0.7571345230351687 0.29927869379364613 0.3736172571238417 0.4838485388923038 0.5980054754951343 0.7001374416955616 0.7394104653165653 0.2891968452505222 0.3620534085400231 0.4701459089329162 0.582178763811024 0.6705504313223644 0.7365338101859246 
84 1 0.3066984560037548 0.35530822942849627 0.46204219558404275 0.5727132536678752 0.660055587419892 0.7100830240895849 0.2701925464787182 0.3634642954402193 0.44327128873265426 0.550607841864206 0.6354096025368855 0.6840333948189291 0.24578498412791353 0.3109003918382709 0.4330980012791552 0.5082869647239833 0.587910548065099 0.6336474626590144 0.21304926789291603 0.27166879536074146 0.35891926341894215 0.48011313416904344 0.5218806899692263 0.5633925653631837 0.180043717708813 0.2318084583804613 0.30897150156163444 0.38950979307484285 0.4904895997844429 0.4905738085570213 0.15714412658098825 0.20402152510784946 0.2739834768840554 0.3471353539070548 0.4054581256072428 0.4806206737838198 
85 1 0.1844691853042821 0.18962021004770416 0.2558041665105997 0.3250771547690665 0.3803759210180608 0.4124046576253348 0.1207601760535034 0.19802727504808446 0.2179343150356819 0.2790469874064518 0.32797689198718044 0.35639811361902346 0.0808484072864549 0.11084400988747187 0.19256938114700456 0.20342833696536597 0.24174428120555852 0.2641429457779275 0.03410287801249517 0.053380558390405224 0.08258732819886676 0.14814083405252215 0.13932491379911 0.154453796731459 -0.007961839079895502 0.0014567074154601834 0.01607785218951188 0.03223460865089979 0.07724328956919871 0.05435463091917959 -0.034932307310067245 -0.03193964647893244 -0.026831330978643632 -0.020501962492685925 -0.014505403075021368 0.01786406070380435 
86 1 -0.008221044304423879 -0.04849628461741665 -0.048142359706054745 -0.046727368285415835 -0.04459441871062397 -0.042798270933029445 -0.07479847713672833 -0.04304943371289498 -0.09064615968999348 -0.09910033178230318 -0.10473184377707476 -0.10736913345700147 -0.11496951320213498 -0.1315510163910119 -0.12151419739076913 -0.1791330012391548 -0.19676008448859283 -0.20625519850180693 -0.15786965215450727 -0.18529723754661753 -0.22529015935313318 -0.24041622955030528 -0.29644824396261715 -0.31348107256021573 -0.19292624395304103 -0.22945145627058314 -0.28295699025290716 -0.33735310066363544 -0.36550733185862905 -0.4026261682838332 -0.21366578711413375 -0.25570095869941845 -0.317397482370899 -0.38030822605629633 -0.42892836080314517 -0.4517160163879736 
87 1 -0.19777111441185885 -0.26808884688677315 -0.33370014081361987 -0.40068362485970277 -0.4525312062003954 -0.48165371465470364 -0.2417866543674619 -0.26768272199198406 -0.3646028823637422 -0.4393946925266096 -0.49743657492293114 -0.5301250208950764 -0.2668729873175391 -0.32369802566272377 -0.38918348264093255 -0.4932716214770954 -0.560108785537403 -0.5978708673102079 -0.289541340990611 -0.3531977867622955 -0.4471144633631164 -0.5371424649120127 -0.6189882484358453 -0.6616768269636596 -0.30419938095797894 -0.37271696242942354 -0.47391187977308874 -0.578083391734827 -0.6686465756537479 -0.7058174559625569 -0.3107861984736004 -0.3817931956526594 -0.48672858344111614 -0.5948496734675796 -0.679515263443245 -0.74875592848225 
88 1 -0.31177934080690795 -0.3852805816501485 -0.49179581018100793 -0.6015923554730956 -0.6876164538916021 -0.7365338101859242 -0.3164205476559483 -0.39007030867122416 -0.49929369637072085 -0.6118552152020609 -0.7001374416955616 -0.7503911686379798 -0.31684005095686274 -0.3922033912225108 -0.5081979053823141 -0.618997247996558 -0.7095149679083504 -0.7611201856894876 -0.3106180787165246 -0.3861887861860142 -0.4981562392300584 -0.6286985354782288 -0.7050957806433444 -0.7571345230351688 -0.29927869379364624 -0.37361725712384175 -0.4838485388923039 -0.5980054754951343 -0.716385554010363 -0.7394104653165652 -0.2891968452505222 -0.3620534085400232 -0.4701459089329163 -0.5821787638110242 -0.6705504313223646 -0.7597965251742921 
89 1 -0.2833875245435687 -0.35530822942849627 -0.4620421955840427 -0.5727132536678752 -0.6600555874198921 -0.7100830240895849 -0.27019254647871804 -0.33984386750650986 -0.4432712887326541 -0.5506078418642059 -0.6354096025368854 -0.6840333948189289 -0.2457849841279137 -0.31090039183827084 -0.40768898741924703 -0.5082869647239836 -0.5879105480650991 -0.6336474626590143 -0.21304926789291587 -0.2716687953607414 -0.3589192634189421 -0.449784519969742 -0.5218806899692261 -0.5633925653631834 -0.18004371770881308 -0.23180845838046152 -0.3089715015616345 -0.38950979307484296 -0.45358374801126905 -0.49057380855702154 -0.15714412658098856 -0.20402152510784977 -0.2739834768840555 -0.34713535390705486 -0.40545812560724276 -0.4391976481753097 
90 1 -0.18913408544354054 -0.18962021004770419 -0.25580416651060006 -0.3250771547690666 -0.38037592101806095 -0.412404657625335 -0.12076017605350359 -0.21325813953618405 -0.2179343150356823 -0.27904698740645206 -0.3279768919871806 -0.35639811361902396 -0.08084840728645472 -0.11084400988747173 -0.2193815724434558 -0.20342833696536572 -0.24174428120555813 -0.26414294577792713 -0.03410287801249548 -0.053380558390405126 -0.08258732819886679 -0.17137950383268813 -0.13932491379911022 -0.15445379673145926 0.00796183907989547 -0.0014567074154600889 -0.01607785218951152 -0.03223460865089943 -0.07109068284312677 -0.05435463091917989 0.03493230731006739 0.03193964647893257 0.026831330978643302 0.020501962492686276 0.014505403075021059 0.02603453782938575 
91 1 -0.008481521213728561 0.039531452496536064 0.035471450049499066 0.03014469377721575 0.024854631597987942 0.02120891770995168 0.10839148649073702 0.066184546574136 0.1105682434503008 0.10903699090151829 0.10563213847149273 0.10244844629266912 0.21042720927364406 0.217658548598511 0.19329761147144112 0.23017477710609682 0.2297510839123116 0.22733193622772052 0.321118970533787 0.3347034199175649 0.35101578587259585 0.34266531277648205 0.36495360952240397 0.3634481361995393 0.41319239169594457 0.43215232304321327 0.45541751292835847 0.4720439146706144 0.46978569073056065 0.47726006157231954 0.468545882645354 0.4907862063906257 0.5183062129842918 0.5384038954236843 0.5461200955665204 0.5444573762948688 
92 1 0.45482249304523825 0.5186757495268731 0.5482415882249029 0.5700147259299206 0.5786234431536367 0.5787741260141704 0.5449779420461848 0.539241168930166 0.6053331734349334 0.630349582046791 0.6407020810817716 0.6413981579000141 0.6150687417209838 0.646238030135952 0.6637778911775596 0.7150959254870781 0.7280093347530806 0.7295425561463118 0.681157009799012 0.7165464878111054 0.7612530836010567 0.7846188999440586 0.8111352577075568 0.8135803010790639 0.7269552683960528 0.7654216935752796 0.8142062405173952 0.8520401144085754 0.8657613535018864 0.87280563319329 0.749641642195274 0.7897299831424303 0.8406848400154031 0.8804074545751444 0.8991078257126014 0.9021594579806408 
93 1 0.7443997738088867 0.7997035393782718 0.8516020737446175 0.8921585068653511 0.9113777661120883 0.9152672899899907 0.7734013468589603 0.8063259928880961 0.8688814056852564 0.91089005764448 0.9310456053816043 0.9353555735111254 0.7847749202485378 0.8279765489842379 0.8807175774345787 0.9268747355485576 0.9481927638453725 0.9530927158564899 0.7810162229962594 0.8246931518801652 0.8807175774345788 0.9268747355485575 0.9474908069218281 0.9529524435237586 0.7630459408696711 0.8063259928880961 0.8619958580810585 0.9065859502208093 0.9310456053816044 0.934969118506797 0.7443997738088862 0.7870237482687084 0.8419504319873978 0.886125290027678 0.9086669259874852 0.9152672899899906 
94 1 0.7496416421952741 0.7752717581107607 0.829679511983783 0.8735280615305743 0.8960167590066748 0.9021594579806409 0.7064117241165596 0.7654216935752793 0.8005464731565973 0.843501491236328 0.8657613535018867 0.8720389516076376 0.6547237527596382 0.6934561680083869 0.7612530836010561 0.7846188999440583 0.8061987850354351 0.8125938525394352 0.582553784774003 0.6178350622202817 0.663777891177559 0.7150959254870779 0.7219370719200253 0.7283291422046424 0.5076789989087179 0.5392411689301658 0.5805323560193886 0.6148467667718147 0.6407020810817714 0.6400061789822359 0.45482249304523836 0.48370119150968094 0.5216195757828639 0.5533733829804974 0.5711461449880353 0.5787741260141701 
95 1 0.47073062919427555 0.45471251576282595 0.49084757641456855 0.5212395868179276 0.5384078044502346 0.5444573762948688 0.3695968328130471 0.4407010763189861 0.42642999745597326 0.4539240247371211 0.46978569073056076 0.4756330897038567 0.2745903649584403 0.2940591005615897 0.36659412358692284 0.3426653127764821 0.3562642720308311 0.36171175660153615 0.1615756010429683 0.17498497823365658 0.19329761147144114 0.24299130771283356 0.22062791318334996 0.22550886356040814 0.058395934739155 0.06618454657413649 0.07732522552736655 0.0882570162889663 0.09914168644451785 0.10058263209640972 -0.008481521213728081 -0.004378780007222283 0.0020477708265770568 0.009251652104279215 0.015466949146631083 -0.009443112297066514 
96 1 -0.015260824724041097 -0.039531452496535814 -0.035471450049499365 -0.03014469377721613 -0.024854631597987585 -0.021208917709951324 -0.1083914864907368 -0.08797371603586557 -0.11056824345030108 -0.10903699090151857 -0.10563213847149305 -0.10244844629266878 -0.21042720927364386 -0.21765854859851097 -0.21400471726629897 -0.2301747771060971 -0.2297510839123113 -0.22733193622772033 -0.32111897053378713 -0.3347034199175651 -0.35101578587259585 -0.36599620584500175 -0.36495360952240397 -0.3634481361995395 -0.4131923916959443 -0.43215232304321344 -0.45541751292835797 -0.47204391467061413 -0.49846096133637385 -0.4772600615723191 -0.4685458826453539 -0.490786206390626 -0.5183062129842918 -0.5384038954236845 -0.5461200955665206 -0.5770296356893139 
97 1 -0.4954231622941303 -0.5186757495268732 -0.5482415882249032 -0.5700147259299203 -0.578623443153637 -0.5787741260141703 -0.5449779420461847 -0.5830455389816492 -0.6053331734349338 -0.6303495820467908 -0.6407020810817713 -0.641398157900014 -0.615068741720984 -0.646238030135952 -0.7128610298766055 -0.7150959254870783 -0.7280093347530807 -0.7295425561463117 -0.6811570097990118 -0.7165464878111051 -0.7612530836010569 -0.8351856085235493 -0.8111352577075568 -0.813580301079064 -0.726955268396053 -0.7654216935752796 -0.8142062405173953 -0.8520401144085755 -0.9056684639517183 -0.8728056331932902 -0.7496416421952737 -0.7897299831424305 -0.840684840015403 -0.8804074545751445 -0.8991078257126016 -0.9242104507642108 
98 1 -0.7863506906818161 -0.7997035393782719 -0.8516020737446176 -0.8921585068653509 -0.9113777661120884 -0.9152672899899909 -0.7734013468589606 -0.8554137830254434 -0.8688814056852564 -0.9108900576444797 -0.9310456053816043 -0.9353555735111255 -0.7847749202485376 -0.8279765489842378 -0.9394286583293028 -0.9268747355485576 -0.9481927638453727 -0.95309271585649 -0.7810162229962595 -0.8246931518801656 -0.8807175774345787 -0.9853624956608648 -0.9474908069218282 -0.9529524435237587 -0.7630459408696716 -0.8063259928880961 -0.8619958580810586 -0.9065859502208092 -0.966941395876416 -0.9349691185067969 -0.7443997738088863 -0.7870237482687086 -0.8419504319873979 -0.8861252900276781 -0.9086669259874856 -0.9183742864050413 
99 1 -0.7769189823060033 -0.7752717581107607 -0.8296795119837828 -0.8735280615305742 -0.8960167590066749 -0.9021594579806408 -0.7064117241165594 -0.8010430363986466 -0.8005464731565973 -0.8435014912363281 -0.8657613535018862 -0.8720389516076376 -0.6547237527596389 -0.6934561680083868 -0.8071664693059185 -0.7846188999440586 -0.8061987850354352 -0.8125938525394352 -0.5825537847740027 -0.6178350622202815 -0.6637778911775591 -0.7591644006951507 -0.7219370719200248 -0.728329142204642 -0.5076789989087179 -0.5392411689301664 -0.5805323560193887 -0.6148467667718148 -0.6588755797055893 -0.640006178982236 -0.45482249304523875 -0.4837011915096814 -0.521619575782864 -0.5533733829804975 -0.5711461449880352 -0.5617503590330762 
100 1 -0.4272491979831001 -0.4547125157628261 -0.4908475764145694 -0.5212395868179277 -0.5384078044502352 -0.5444573762948692 -0.36959683281304734 -0.3940700535202909 -0.426429997455974 -0.4539240247371214 -0.469785690730561 -0.47563308970385754 -0.27459036495844 -0.29405910056158957 -0.32007765350535133 -0.3426653127764819 -0.3562642720308309 -0.36171175660153565 -0.1615756010429688 -0.17498497823365647 -0.1932976114714411 -0.20987011851362708 -0.22062791318335043 -0.22550886356040847 -0.05839593473915513 -0.06618454657413632 -0.07732522552736616 -0.08825701628896576 -0.09629518048248001 -0.10058263209641023 0.008481521213728197 0.004378780007222463 -0.002047770826577676 -0.009251652104278724 -0.015466949146631522 -0.019332998523879808 
$EndFields
