$Nodes
121
1 -1 0.0 0.0 0.0
2 0 0.18837387713768522 0.0 0.0
3 0 0.378892364734457 0.0 0.0
4 0 0.5891092921770282 0.0 0.0
5 0 0.7985829584623483 0.0 0.0
6 0 1.004231310403945 0.0 0.0
7 0 1.2312991589629363 0.0 0.0
8 0 1.438311077077996 0.0 0.0
9 0 1.5970790574541482 0.0 0.0
10 0 1.8016743677602434 0.0 0.0
11 -1 2.0 0.0 0.0
12 0 0.0 0.2794035412375879 0.0
13 1 0.23896117056394414 0.19766224148739192 0.0
14 1 0.4376095163345107 0.23637728165163563 0.0
15 1 0.6263605786023851 0.19463176064824156 0.0
16 1 0.8184608034866884 0.23533679541798586 0.0
17 1 0.9733913776091205 0.2639797409481668 0.0
18 1 1.180488355395964 0.2774262466364532 0.0
19 1 1.392421228590234 0.22394747253062994 0.0
20 1 1.6061346743705278 0.15319130599192032 0.0
21 1 1.797479995334009 0.20012294089417476 0.0
22 0 2.0 0.2788881179728435 0.0
23 0 0.0 0.4211542464886696 0.0
24 1 0.22765002687088126 0.4784904183284079 0.0
25 1 0.4333136204055904 0.42193217691229923 0.0
26 1 0.5830991772012332 0.4540151587730272 0.0
27 1 0.7817642661915989 0.3958436520594615 0.0
28 1 0.9890368114385815 0.4484372269493796 0.0
29 1 1.2282112977440232 0.34024328357664557 0.0
30 1 1.4018307853877205 0.4693640081131608 0.0
31 1 1.6022360430437326 0.36064421356313603 0.0
32 1 1.806017123310714 0.3866491813164563 0.0
33 0 2.0 0.4642185063212927 0.0
34 0 0.0 0.5698958098571085 0.0
35 1 0.22806254387148261 0.5971669171564091 0.0
36 1 0.4102804656189785 0.6502545829140577 0.0
37 1 0.5799151553992167 0.5535593641785201 0.0
38 1 0.8187215709391306 0.6001640942828167 0.0
39 1 1.0177644283554412 0.6519538101972828 0.0
40 1 1.2300085618143373 0.5447960271315153 0.0
41 1 1.3741354046579963 0.6706457020236395 0.0
42 1 1.6296823697618006 0.6604206243844439 0.0
43 1 1.8382529222073558 0.6339042387436765 0.0
44 0 2.0 0.6523056956918526 0.0
45 0 0.0 0.8689658498723218 0.0
46 1 0.1757587265734959 0.8191663367752697 0.0
47 1 0.4135937703376518 0.8630086882712427 0.0
48 1 0.5639087157388434 0.8538618315930812 0.0
49 1 0.8178457346677344 0.7998635139296408 0.0
50 1 1.0269200791693025 0.7689238256850354 0.0
51 1 1.2160066918814967 0.8489002007029348 0.0
52 1 1.4006472606654286 0.7966122390350018 0.0
53 1 1.6010544820241226 0.7566594870745611 0.0
54 1 1.7715809169244332 0.8606787173121693 0.0
55 0 2.0 0.7335662911483438 0.0
56 0 0.0 0.9317456478136613 0.0
57 1 0.21737538398335712 0.9584355889169208 0.0
58 1 0.37838003104223134 0.9995131232482686 0.0
59 1 0.5942743388885738 1.0582704173264972 0.0
60 1 0.8079496154607277 1.031567517815962 0.0
61 1 1.0170259541345936 0.948779174662017 0.0
62 1 1.2134513163877867 0.9865542713603843 0.0
63 1 1.4070672985497845 1.0612642050898793 0.0
64 1 1.5862799853295186 0.9296024967389838 0.0
65 1 1.7803699881135617 1.0472322518514674 0.0
66 0 2.0 0.9699860019275967 0.0
67 0 0.0 1.2094469358092956 0.0
68 1 0.20086029888026932 1.1866594102672787 0.0
69 1 0.4070619324277195 1.2126548409534843 0.0
70 1 0.5653850795853818 1.1488897564513576 0.0
71 1 0.7739794018571435 1.1232440680723812 0.0
72 1 0.9795368623576883 1.1744040458487732 0.0
73 1 1.2193156649785881 1.1684342173056752 0.0
74 1 1.3667620153247886 1.1412395775060626 0.0
75 1 1.6134943345093775 1.2116949930576828 0.0
76 1 1.7730030005166837 1.1455479816285077 0.0
77 0 2.0 1.1858126042547976 0.0
78 0 0.0 1.3820800957441206 0.0
79 1 0.18594315557615881 1.3423064656952954 0.0
80 1 0.3827510546159187 1.4729628598824829 0.0
81 1 0.58970823467195 1.35491073695054 0.0
82 1 0.7607974221573164 1.3544405549591805 0.0
83 1 0.9892165636037484 1.3200401057035718 0.0
84 1 1.2256610238042358 1.331708814783232 0.0
85 1 1.4343575532702384 1.408120952885275 0.0
86 1 1.626082021745312 1.4175441723410425 0.0
87 1 1.7982358476046878 1.397260747920375 0.0
88 0 2.0 1.326173967465222 0.0
89 0 0.0 1.6065598130148182 0.0
90 1 0.21409331944270818 1.6603515392044776 0.0
91 1 0.4387086741955034 1.5219950182843682 0.0
92 1 0.613588054864552 1.6592799714002369 0.0
93 1 0.8387334196990741 1.5645737764116636 0.0
94 1 0.9954986869955925 1.613598573692564 0.0
95 1 1.1999244062834309 1.574179375429185 0.0
96 1 1.412398441417468 1.564033417333178 0.0
97 1 1.5942445589385945 1.5255340639816615 0.0
98 1 1.781083006018823 1.6550585626205974 0.0
99 0 2.0 1.6636834542426409 0.0
100 0 0.0 1.7943188498430138 0.0
101 1 0.16424364429459473 1.7842127065415987 0.0
102 1 0.4144763390743973 1.7513324531970667 0.0
103 1 0.5667150831389114 1.8105120909240493 0.0
104 1 0.826346082400038 1.7917361712661857 0.0
105 1 1.014712719198017 1.757069269770421 0.0
106 1 1.2305973151035368 1.8037382283122398 0.0
107 1 1.3896283114197607 1.75879507055248 0.0
108 1 1.595291220864993 1.7330180876522625 0.0
109 1 1.822670889171188 1.7345715700942097 0.0
110 0 2.0 1.7409748629595476 0.0
111 -1 0.0 2.0 0.0
112 0 0.23042128719884675 2.0 0.0
113 0 0.41721603160087667 2.0 0.0
114 0 0.623491358375779 2.0 0.0
115 0 0.8286916921727958 2.0 0.0
116 0 1.0211138964843616 2.0 0.0
117 0 1.2115249099107586 2.0 0.0
118 0 1.3805575453108376 2.0 0.0
119 0 1.5720026251622645 2.0 0.0
120 0 1.8124408317583436 2.0 0.0
121 -1 2.0 2.0 0.0
$EndNodes
$Elements
100
1 4 1 2 13 12 
2 4 2 3 14 13 
3 4 3 4 15 14 
4 4 4 5 16 15 
5 4 5 6 17 16 
6 4 6 7 18 17 
7 4 7 8 19 18 
8 4 8 9 20 19 
9 4 9 10 21 20 
10 4 10 11 22 21 
11 4 12 13 24 23 
12 4 13 14 25 24 
13 4 14 15 26 25 
14 4 15 16 27 26 
15 4 16 17 28 27 
16 4 17 18 29 28 
17 4 18 19 30 29 
18 4 19 20 31 30 
19 4 20 21 32 31 
20 4 21 22 33 32 
21 4 23 24 35 34 
22 4 24 25 36 35 
23 4 25 26 37 36 
24 4 26 27 38 37 
25 4 27 28 39 38 
26 4 28 29 40 39 
27 4 29 30 41 40 
28 4 30 31 42 41 
29 4 31 32 43 42 
30 4 32 33 44 43 
31 4 34 35 46 45 
32 4 35 36 47 46 
33 4 36 37 48 47 
34 4 37 38 49 48 
35 4 38 39 50 49 
36 4 39 40 51 50 
37 4 40 41 52 51 
38 4 41 42 53 52 
39 4 42 43 54 53 
40 4 43 44 55 54 
41 4 45 46 57 56 
42 4 46 47 58 57 
43 4 47 48 59 58 
44 4 48 49 60 59 
45 4 49 50 61 60 
46 4 50 51 62 61 
47 4 51 52 63 62 
48 4 52 53 64 63 
49 4 53 54 65 64 
50 4 54 55 66 65 
51 4 56 57 68 67 
52 4 57 58 69 68 
53 4 58 59 70 69 
54 4 59 60 71 70 
55 4 60 61 72 71 
56 4 61 62 73 72 
57 4 62 63 74 73 
58 4 63 64 75 74 
59 4 64 65 76 75 
60 4 65 66 77 76 
61 4 67 68 79 78 
62 4 68 69 80 79 
63 4 69 70 81 80 
64 4 70 71 82 81 
65 4 71 72 83 82 
66 4 72 73 84 83 
67 4 73 74 85 84 
68 4 74 75 86 85 
69 4 75 76 87 86 
70 4 76 77 88 87 
71 4 78 79 90 89 
72 4 79 80 91 90 
73 4 80 81 92 91 
74 4 81 82 93 92 
75 4 82 83 94 93 
76 4 83 84 95 94 
77 4 84 85 96 95 
78 4 85 86 97 96 
79 4 86 87 98 97 
80 4 87 88 99 98 
81 4 89 90 101 100 
82 4 90 91 102 101 
83 4 91 92 103 102 
84 4 92 93 104 103 
85 4 93 94 105 104 
86 4 94 95 106 105 
87 4 95 96 107 106 
88 4 96 97 108 107 
89 4 97 98 109 108 
90 4 98 99 110 109 
91 4 100 101 112 111 
92 4 101 102 113 112 
93 4 102 103 114 113 
94 4 103 104 115 114 
95 4 104 105 116 115 
96 4 105 106 117 116 
97 4 106 107 118 117 
98 4 107 108 119 118 
99 4 108 109 120 119 
100 4 109 110 121 120 
$EndElements
$Boundaries
4
1 1 1 2 3 4 5 6 7 8 9 10 11 
2 1 111 112 113 114 115 116 117 118 119 120 121 
3 1 1 12 23 34 45 56 67 78 89 100 111 
4 1 11 22 33 44 55 66 77 88 99 110 121 
$EndBoundaries
$BCs
2
1 -1 1 2
2 -1 3 4
$EndBCs
