$Nodes
121
1 -1 0.0 0.0 0.0
2 0 0.0 0.10546412997056434 0.0
3 0 0.0 0.42606640770637516 0.0
4 0 0.0 0.5690435628255682 0.0
5 0 0.0 0.8485821259377835 0.0
6 0 0.0 0.9838946160766615 0.0
7 0 0.0 1.2823358428425418 0.0
8 0 0.0 1.302904365614237 0.0
9 0 0.0 1.6391132693381492 0.0
10 0 0.0 1.7171885204265218 0.0
11 -1 0.0 2.0 0.0
12 0 0.2791134333081484 0.0 0.0
13 1 0.1778623766742712 0.20356886825448697 0.0
14 1 0.23470884932755326 0.4822024719854858 0.0
15 1 0.1405267106651527 0.6441097102448554 0.0
16 1 0.26635775175424514 0.7360013177308407 0.0
17 1 0.2523226301814123 1.0734486041772722 0.0
18 1 0.27628971625953236 1.2703261150837513 0.0
19 1 0.13625795392373513 1.4316558376734887 0.0
20 1 0.17990800924102188 1.5512746669062334 0.0
21 1 0.147283940535772 1.724130031511443 0.0
22 0 0.22597124939860358 2.0 0.0
23 0 0.4513089723927728 0.0 0.0
24 1 0.4260944596350273 0.13173084277637018 0.0
25 1 0.44698171936379405 0.4985194022858763 0.0
26 1 0.3310973412430904 0.676701588777475 0.0
27 1 0.4725932505227105 0.8607615603993894 0.0
28 1 0.44199687726063946 1.019658313555087 0.0
29 1 0.3693576951202422 1.175367354987703 0.0
30 1 0.4436748755259611 1.4076106849078833 0.0
31 1 0.3268471497574437 1.6326015265196785 0.0
32 1 0.45189143473654697 1.8300502886368812 0.0
33 0 0.3863354550269193 2.0 0.0
34 0 0.6434317365117449 0.0 0.0
35 1 0.5716220148151281 0.23155393234855537 0.0
36 1 0.5991271217354492 0.3186289553525157 0.0
37 1 0.6642235130732314 0.6845678538540773 0.0
38 1 0.5708340525556027 0.7997140555652431 0.0
39 1 0.6666709302889091 0.9020888733590544 0.0
40 1 0.58923675400347 1.1648622211154445 0.0
41 1 0.5812159929965106 1.4608355812454896 0.0
42 1 0.540545784808534 1.5588931961628067 0.0
43 1 0.5714684700882531 1.8134555168573312 0.0
44 0 0.6225963766071037 2.0 0.0
45 0 0.8304211420644053 0.0 0.0
46 1 0.8493739507176782 0.21346873739770234 0.0
47 1 0.8054498027841985 0.45495139142022645 0.0
48 1 0.78156111144056 0.615467541970789 0.0
49 1 0.8173502147163831 0.7917343419304611 0.0
50 1 0.8333165537524592 1.0182595245617998 0.0
51 1 0.8098870889029173 1.1530239296442495 0.0
52 1 0.8145079981488937 1.3149138630772739 0.0
53 1 0.8669768398390694 1.5673691849153846 0.0
54 1 0.7938203863878226 1.7615706338306913 0.0
55 0 0.8009502838175434 2.0 0.0
56 0 1.0243218621532428 0.0 0.0
57 1 1.0610598289494542 0.19669277788473338 0.0
58 1 1.0356127423017858 0.3941298813728683 0.0
59 1 1.040103374021752 0.6265111014773791 0.0
60 1 0.9525106276002131 0.8937936315661875 0.0
61 1 0.9438293263197897 0.9149488457046625 0.0
62 1 0.9905373506675812 1.148382496269576 0.0
63 1 1.0272648979726486 1.4223045819471871 0.0
64 1 1.0593770739987582 1.6567782651817031 0.0
65 1 0.9296429068251015 1.7997709853566697 0.0
66 0 1.0751706541745658 2.0 0.0
67 0 1.1418074920619206 0.0 0.0
68 1 1.1423562068438367 0.10092949011993896 0.0
69 1 1.1662859131707015 0.3296773342332526 0.0
70 1 1.2265138482019822 0.6332634556881616 0.0
71 1 1.2389514686413228 0.7675988610479743 0.0
72 1 1.1630402168498382 0.9129020121328986 0.0
73 1 1.2486058618679543 1.1826072047183567 0.0
74 1 1.1530370075180665 1.3729811992973329 0.0
75 1 1.2450950946093229 1.6594822062427206 0.0
76 1 1.1449617255240943 1.776587119321247 0.0
77 0 1.2582106530249868 2.0 0.0
78 0 1.4555217917094574 0.0 0.0
79 1 1.4071715302921532 0.13665030446380774 0.0
80 1 1.350185495715062 0.32975170899388245 0.0
81 1 1.3406040261417405 0.6200091178963366 0.0
82 1 1.4646576324480596 0.760959911190132 0.0
83 1 1.43776608913746 1.0905743372144596 0.0
84 1 1.4573121237841855 1.2676332246296287 0.0
85 1 1.4159076415187848 1.3733242918294768 0.0
86 1 1.4255582149681787 1.6047657152794956 0.0
87 1 1.3972110364587187 1.8530215285652485 0.0
88 0 1.3822110041170934 2.0 0.0
89 0 1.5634095147243219 0.0 0.0
90 1 1.626004841581573 0.16014069311943344 0.0
91 1 1.635326648334774 0.30709324238522956 0.0
92 1 1.5680483695192997 0.5450905812154757 0.0
93 1 1.5306883535212035 0.8143390036149681 0.0
94 1 1.5270013916342513 1.0638325035368774 0.0
95 1 1.5865774773873893 1.1724906578018368 0.0
96 1 1.5578875665024774 1.407915331146008 0.0
97 1 1.628358604426413 1.602968367001576 0.0
98 1 1.6773004213610179 1.8789910437479977 0.0
99 0 1.5340415992582426 2.0 0.0
100 0 1.811174921634627 0.0 0.0
101 1 1.834556351302845 0.20471809689778553 0.0
102 1 1.7924025088829532 0.43190161095242047 0.0
103 1 1.723840524759875 0.6662347589352854 0.0
104 1 1.8333658042365208 0.8656772290123038 0.0
105 1 1.8497886763858753 0.9973087052433813 0.0
106 1 1.7742020507768863 1.2289895045663473 0.0
107 1 1.8278149067443903 1.424637608192913 0.0
108 1 1.8590616657565442 1.5373709523108727 0.0
109 1 1.7658716755182806 1.7562398901028153 0.0
110 0 1.7832264109598028 2.0 0.0
111 -1 2.0 0.0 0.0
112 0 2.0 0.2390836908327749 0.0
113 0 2.0 0.45507423021505056 0.0
114 0 2.0 0.6846570736213101 0.0
115 0 2.0 0.7237296834571275 0.0
116 0 2.0 1.0984856062139354 0.0
117 0 2.0 1.293360285406384 0.0
118 0 2.0 1.3654110184720691 0.0
119 0 2.0 1.6494680301256657 0.0
120 0 2.0 1.8971057730564935 0.0
121 -1 2.0 2.0 0.0
$EndNodes
$Elements
200
1 3 2 1 12
2 3 3 2 13
3 3 12 23 24
4 3 3 13 14
5 3 24 13 12
6 3 24 35 25
7 3 12 13 2
8 3 14 13 24
9 3 4 15 5
10 3 15 4 14
11 3 5 17 6
12 3 5 15 16
13 3 14 25 26
14 3 25 14 24
15 3 16 17 5
16 3 16 15 26
17 3 25 38 26
18 3 26 15 14
19 3 4 3 14
20 3 27 16 26
21 3 24 23 34
22 3 36 35 46
23 3 34 35 24
24 3 46 35 34
25 3 36 47 25
26 3 45 56 46
27 3 58 47 46
28 3 47 36 46
29 3 48 47 59
30 3 46 34 45
31 3 47 37 25
32 3 38 37 39
33 3 27 26 38
34 3 17 16 27
35 3 39 27 38
36 3 37 49 39
37 3 25 37 38
38 3 48 49 37
39 3 60 49 59
40 3 62 61 72
41 3 60 61 49
42 3 59 49 48
43 3 39 49 50
44 3 37 47 48
45 3 28 27 39
46 3 61 60 72
47 3 36 25 35
48 3 61 50 49
49 3 7 19 8
50 3 19 7 18
51 3 8 19 9
52 3 17 28 29
53 3 28 17 27
54 3 20 19 30
55 3 29 18 17
56 3 18 29 30
57 3 17 18 7
58 3 7 6 17
59 3 19 18 30
60 3 10 9 21
61 3 11 21 22
62 3 21 11 10
63 3 9 20 21
64 3 21 32 22
65 3 30 31 20
66 3 33 22 32
67 3 32 21 31
68 3 31 21 20
69 3 9 19 20
70 3 40 29 28
71 3 30 40 41
72 3 40 30 29
73 3 41 40 52
74 3 30 41 42
75 3 50 62 51
76 3 62 50 61
77 3 51 52 40
78 3 52 51 62
79 3 52 63 53
80 3 50 51 40
81 3 28 39 40
82 3 41 52 53
83 3 42 43 32
84 3 44 43 54
85 3 32 44 33
86 3 44 32 43
87 3 43 42 54
88 3 32 31 42
89 3 54 53 65
90 3 53 54 42
91 3 55 65 66
92 3 65 55 54
93 3 65 53 64
94 3 54 55 44
95 3 42 41 53
96 3 63 52 62
97 3 42 31 30
98 3 39 50 40
99 3 56 57 46
100 3 56 68 57
101 3 68 56 67
102 3 68 67 79
103 3 57 68 69
104 3 80 92 81
105 3 80 68 79
106 3 69 80 70
107 3 69 68 80
108 3 91 80 79
109 3 79 67 78
110 3 57 69 58
111 3 72 60 59
112 3 59 58 70
113 3 71 59 70
114 3 59 71 72
115 3 69 70 58
116 3 73 62 72
117 3 81 82 71
118 3 82 81 92
119 3 71 83 72
120 3 82 83 71
121 3 82 92 93
122 3 81 71 70
123 3 80 81 70
124 3 93 83 82
125 3 79 78 89
126 3 57 58 46
127 3 90 91 79
128 3 90 89 100
129 3 91 90 101
130 3 91 92 80
131 3 100 111 101
132 3 91 101 102
133 3 112 101 111
134 3 100 101 90
135 3 102 101 112
136 3 92 102 103
137 3 102 92 91
138 3 104 93 103
139 3 115 104 103
140 3 103 102 114
141 3 94 93 104
142 3 115 103 114
143 3 105 115 116
144 3 105 104 115
145 3 114 102 113
146 3 102 112 113
147 3 103 93 92
148 3 79 89 90
149 3 105 94 104
150 3 62 74 63
151 3 62 73 74
152 3 74 73 85
153 3 64 63 74
154 3 84 83 95
155 3 94 83 93
156 3 86 85 96
157 3 85 73 84
158 3 85 84 96
159 3 84 73 83
160 3 73 72 83
161 3 75 74 85
162 3 64 75 76
163 3 64 74 75
164 3 77 66 76
165 3 66 65 76
166 3 76 75 87
167 3 65 64 76
168 3 87 86 97
169 3 87 77 76
170 3 88 77 87
171 3 87 99 88
172 3 87 75 86
173 3 85 86 75
174 3 83 94 95
175 3 64 53 63
176 3 95 106 96
177 3 94 105 95
178 3 97 96 107
179 3 107 96 106
180 3 106 117 107
181 3 95 96 84
182 3 118 107 117
183 3 108 118 119
184 3 108 107 118
185 3 117 106 116
186 3 106 95 105
187 3 97 107 108
188 3 97 109 98
189 3 97 108 109
190 3 99 98 110
191 3 99 87 98
192 3 109 110 98
193 3 87 97 98
194 3 120 110 109
195 3 121 110 120
196 3 120 109 119
197 3 108 119 109
198 3 97 86 96
199 3 105 116 106
200 3 59 47 58
$EndElements
$Boundaries
4
1 1 1 2 3 4 5 6 7 8 9 10 11 
2 1 111 112 113 114 115 116 117 118 119 120 121 
3 1 1 12 23 34 45 56 67 78 89 100 111 
4 1 11 22 33 44 55 66 77 88 99 110 121 
$EndBoundaries
$BCs
2
1 -1 1 2
2 -1 3 4
$EndBCs
