$Nodes
121
1 -1 0.0 0.0 0.0
2 0 0.0 0.18289160024761875 0.0
3 0 0.0 0.4387481619498034 0.0
4 0 0.0 0.6240415867914032 0.0
5 0 0.0 0.8186768270889146 0.0
6 0 0.0 0.918697762400298 0.0
7 0 0.0 1.1236208398535634 0.0
8 0 0.0 1.428684659127873 0.0
9 0 0.0 1.5064327654981662 0.0
10 0 0.0 1.7666582917439564 0.0
11 -1 0.0 2.0 0.0
12 0 0.1277380968180514 0.0 0.0
13 1 0.1277380968180514 0.18289160024761875 0.0
14 1 0.1277380968180514 0.4387481619498034 0.0
15 1 0.1277380968180514 0.6240415867914032 0.0
16 1 0.1277380968180514 0.8186768270889146 0.0
17 1 0.1277380968180514 0.918697762400298 0.0
18 1 0.1277380968180514 1.1236208398535634 0.0
19 1 0.1277380968180514 1.428684659127873 0.0
20 1 0.1277380968180514 1.5064327654981662 0.0
21 1 0.1277380968180514 1.7666582917439564 0.0
22 0 0.1277380968180514 2.0 0.0
23 0 0.4066120526274079 0.0 0.0
24 1 0.4066120526274079 0.18289160024761875 0.0
25 1 0.4066120526274079 0.4387481619498034 0.0
26 1 0.4066120526274079 0.6240415867914032 0.0
27 1 0.4066120526274079 0.8186768270889146 0.0
28 1 0.4066120526274079 0.918697762400298 0.0
29 1 0.4066120526274079 1.1236208398535634 0.0
30 1 0.4066120526274079 1.428684659127873 0.0
31 1 0.4066120526274079 1.5064327654981662 0.0
32 1 0.4066120526274079 1.7666582917439564 0.0
33 0 0.4066120526274079 2.0 0.0
34 0 0.6419142304177852 0.0 0.0
35 1 0.6419142304177852 0.18289160024761875 0.0
36 1 0.6419142304177852 0.4387481619498034 0.0
37 1 0.6419142304177852 0.6240415867914032 0.0
38 1 0.6419142304177852 0.8186768270889146 0.0
39 1 0.6419142304177852 0.918697762400298 0.0
40 1 0.6419142304177852 1.1236208398535634 0.0
41 1 0.6419142304177852 1.428684659127873 0.0
42 1 0.6419142304177852 1.5064327654981662 0.0
43 1 0.6419142304177852 1.7666582917439564 0.0
44 0 0.6419142304177852 2.0 0.0
45 0 0.737701479648593 0.0 0.0
46 1 0.737701479648593 0.18289160024761875 0.0
47 1 0.737701479648593 0.4387481619498034 0.0
48 1 0.737701479648593 0.6240415867914032 0.0
49 1 0.737701479648593 0.8186768270889146 0.0
50 1 0.737701479648593 0.918697762400298 0.0
51 1 0.737701479648593 1.1236208398535634 0.0
52 1 0.737701479648593 1.428684659127873 0.0
53 1 0.737701479648593 1.5064327654981662 0.0
54 1 0.737701479648593 1.7666582917439564 0.0
55 0 0.737701479648593 2.0 0.0
56 0 0.9608206355312033 0.0 0.0
57 1 0.9608206355312033 0.18289160024761875 0.0
58 1 0.9608206355312033 0.4387481619498034 0.0
59 1 0.9608206355312033 0.6240415867914032 0.0
60 1 0.9608206355312033 0.8186768270889146 0.0
61 1 0.9608206355312033 0.918697762400298 0.0
62 1 0.9608206355312033 1.1236208398535634 0.0
63 1 0.9608206355312033 1.428684659127873 0.0
64 1 0.9608206355312033 1.5064327654981662 0.0
65 1 0.9608206355312033 1.7666582917439564 0.0
66 0 0.9608206355312033 2.0 0.0
67 0 1.2474961417675365 0.0 0.0
68 1 1.2474961417675365 0.18289160024761875 0.0
69 1 1.2474961417675365 0.4387481619498034 0.0
70 1 1.2474961417675365 0.6240415867914032 0.0
71 1 1.2474961417675365 0.8186768270889146 0.0
72 1 1.2474961417675365 0.918697762400298 0.0
73 1 1.2474961417675365 1.1236208398535634 0.0
74 1 1.2474961417675365 1.428684659127873 0.0
75 1 1.2474961417675365 1.5064327654981662 0.0
76 1 1.2474961417675365 1.7666582917439564 0.0
77 0 1.2474961417675365 2.0 0.0
78 0 1.3446740962938468 0.0 0.0
79 1 1.3446740962938468 0.18289160024761875 0.0
80 1 1.3446740962938468 0.4387481619498034 0.0
81 1 1.3446740962938468 0.6240415867914032 0.0
82 1 1.3446740962938468 0.8186768270889146 0.0
83 1 1.3446740962938468 0.918697762400298 0.0
84 1 1.3446740962938468 1.1236208398535634 0.0
85 1 1.3446740962938468 1.428684659127873 0.0
86 1 1.3446740962938468 1.5064327654981662 0.0
87 1 1.3446740962938468 1.7666582917439564 0.0
88 0 1.3446740962938468 2.0 0.0
89 0 1.6557303093712776 0.0 0.0
90 1 1.6557303093712776 0.18289160024761875 0.0
91 1 1.6557303093712776 0.4387481619498034 0.0
92 1 1.6557303093712776 0.6240415867914032 0.0
93 1 1.6557303093712776 0.8186768270889146 0.0
94 1 1.6557303093712776 0.918697762400298 0.0
95 1 1.6557303093712776 1.1236208398535634 0.0
96 1 1.6557303093712776 1.428684659127873 0.0
97 1 1.6557303093712776 1.5064327654981662 0.0
98 1 1.6557303093712776 1.7666582917439564 0.0
99 0 1.6557303093712776 2.0 0.0
100 0 1.7349548855351986 0.0 0.0
101 1 1.7349548855351986 0.18289160024761875 0.0
102 1 1.7349548855351986 0.4387481619498034 0.0
103 1 1.7349548855351986 0.6240415867914032 0.0
104 1 1.7349548855351986 0.8186768270889146 0.0
105 1 1.7349548855351986 0.918697762400298 0.0
106 1 1.7349548855351986 1.1236208398535634 0.0
107 1 1.7349548855351986 1.428684659127873 0.0
108 1 1.7349548855351986 1.5064327654981662 0.0
109 1 1.7349548855351986 1.7666582917439564 0.0
110 0 1.7349548855351986 2.0 0.0
111 -1 2.0 0.0 0.0
112 0 2.0 0.18289160024761875 0.0
113 0 2.0 0.4387481619498034 0.0
114 0 2.0 0.6240415867914032 0.0
115 0 2.0 0.8186768270889146 0.0
116 0 2.0 0.918697762400298 0.0
117 0 2.0 1.1236208398535634 0.0
118 0 2.0 1.428684659127873 0.0
119 0 2.0 1.5064327654981662 0.0
120 0 2.0 1.7666582917439564 0.0
121 -1 2.0 2.0 0.0
$EndNodes
$Elements
200
1 3 2 1 12
2 3 3 2 13
3 3 12 23 24
4 3 3 13 14
5 3 24 13 12
6 3 23 34 24
7 3 12 13 2
8 3 25 13 24
9 3 4 14 15
10 3 14 4 3
11 3 5 15 16
12 3 15 5 4
13 3 14 25 15
14 3 26 16 15
15 3 26 25 36
16 3 16 27 28
17 3 27 16 26
18 3 26 37 27
19 3 26 15 25
20 3 14 13 25
21 3 5 16 17
22 3 24 35 25
23 3 34 35 24
24 3 35 34 45
25 3 36 35 46
26 3 35 36 25
27 3 45 56 57
28 3 36 46 47
29 3 57 46 45
30 3 56 67 57
31 3 45 46 35
32 3 58 46 57
33 3 37 47 48
34 3 47 37 36
35 3 38 48 49
36 3 48 38 37
37 3 47 58 48
38 3 37 38 27
39 3 59 49 48
40 3 59 58 69
41 3 49 60 50
42 3 60 49 59
43 3 59 70 60
44 3 59 48 58
45 3 47 46 58
46 3 38 49 50
47 3 57 68 58
48 3 36 37 26
49 3 27 38 39
50 3 7 6 17
51 3 8 7 18
52 3 17 28 29
53 3 28 17 16
54 3 8 18 19
55 3 29 18 17
56 3 28 39 29
57 3 17 18 7
58 3 6 5 17
59 3 30 18 29
60 3 10 9 20
61 3 19 9 8
62 3 21 11 10
63 3 20 9 19
64 3 21 20 31
65 3 30 20 19
66 3 21 22 11
67 3 32 22 21
68 3 31 20 30
69 3 20 21 10
70 3 19 18 30
71 3 29 40 30
72 3 40 41 30
73 3 40 29 39
74 3 40 39 50
75 3 30 41 31
76 3 51 41 40
77 3 61 51 50
78 3 31 41 42
79 3 52 41 51
80 3 52 51 62
81 3 51 40 50
82 3 39 38 50
83 3 53 41 52
84 3 32 42 43
85 3 42 32 31
86 3 33 43 44
87 3 43 33 32
88 3 42 53 43
89 3 32 33 22
90 3 54 44 43
91 3 64 54 53
92 3 55 44 54
93 3 55 54 65
94 3 54 43 53
95 3 42 41 53
96 3 53 52 63
97 3 31 32 21
98 3 28 27 39
99 3 61 50 60
100 3 69 58 68
101 3 68 67 78
102 3 69 68 79
103 3 70 59 69
104 3 78 89 90
105 3 69 79 80
106 3 90 79 78
107 3 89 100 90
108 3 78 79 68
109 3 80 79 90
110 3 71 61 60
111 3 71 70 81
112 3 61 72 73
113 3 72 61 71
114 3 71 82 72
115 3 70 71 60
116 3 80 81 70
117 3 91 81 80
118 3 82 83 72
119 3 93 83 82
120 3 82 81 92
121 3 81 82 71
122 3 69 80 70
123 3 72 83 84
124 3 90 91 80
125 3 68 57 67
126 3 90 101 91
127 3 101 90 100
128 3 101 100 111
129 3 91 101 102
130 3 112 102 101
131 3 102 113 114
132 3 113 102 112
133 3 112 101 111
134 3 91 102 103
135 3 92 103 93
136 3 103 92 91
137 3 93 94 83
138 3 104 94 93
139 3 93 103 104
140 3 92 93 82
141 3 104 114 115
142 3 114 104 103
143 3 105 115 116
144 3 115 105 104
145 3 104 105 94
146 3 103 102 114
147 3 94 105 106
148 3 91 92 81
149 3 83 94 95
150 3 62 63 52
151 3 63 62 73
152 3 64 63 74
153 3 63 64 53
154 3 73 84 85
155 3 73 72 84
156 3 64 74 75
157 3 85 74 73
158 3 84 95 85
159 3 73 74 63
160 3 61 73 62
161 3 86 74 85
162 3 65 75 76
163 3 75 65 64
164 3 66 76 77
165 3 76 66 65
166 3 75 86 76
167 3 65 66 55
168 3 87 77 76
169 3 87 86 97
170 3 88 77 87
171 3 87 98 88
172 3 87 76 86
173 3 75 74 86
174 3 85 96 86
175 3 64 65 54
176 3 95 106 96
177 3 95 94 106
178 3 96 97 86
179 3 107 97 96
180 3 96 106 107
181 3 95 96 85
182 3 117 107 106
183 3 97 107 108
184 3 118 107 117
185 3 117 106 116
186 3 84 83 95
187 3 119 107 118
188 3 98 108 109
189 3 108 98 97
190 3 99 109 110
191 3 109 99 98
192 3 108 119 109
193 3 98 99 88
194 3 120 110 109
195 3 121 110 120
196 3 120 109 119
197 3 108 107 119
198 3 97 98 87
199 3 105 116 106
200 3 61 62 51
$EndElements
$Boundaries
4
1 1 1 2 3 4 5 6 7 8 9 10 11 
2 1 111 112 113 114 115 116 117 118 119 120 121 
3 1 1 12 23 34 45 56 67 78 89 100 111 
4 1 11 22 33 44 55 66 77 88 99 110 121 
$EndBoundaries
$BCs
2
1 -1 1 2
2 -1 3 4
$EndBCs
