$Nodes
121
1 -1 0.0 0.0 0.0
2 0 0.2 0.0 0.0
3 0 0.4 0.0 0.0
4 0 0.6 0.0 0.0
5 0 0.8 0.0 0.0
6 0 1.0 0.0 0.0
7 0 1.2 0.0 0.0
8 0 1.4 0.0 0.0
9 0 1.6 0.0 0.0
10 0 1.8 0.0 0.0
11 -1 2.0 0.0 0.0
12 0 0.0 0.2 0.0
13 1 0.2 0.2 0.0
14 1 0.4 0.2 0.0
15 1 0.6 0.2 0.0
16 1 0.8 0.2 0.0
17 1 1.0 0.2 0.0
18 1 1.2 0.2 0.0
19 1 1.4 0.2 0.0
20 1 1.6 0.2 0.0
21 1 1.8 0.2 0.0
22 0 2.0 0.2 0.0
23 0 0.0 0.4 0.0
24 1 0.2 0.4 0.0
25 1 0.4 0.4 0.0
26 1 0.6 0.4 0.0
27 1 0.8 0.4 0.0
28 1 1.0 0.4 0.0
29 1 1.2 0.4 0.0
30 1 1.4 0.4 0.0
31 1 1.6 0.4 0.0
32 1 1.8 0.4 0.0
33 0 2.0 0.4 0.0
34 0 0.0 0.6 0.0
35 1 0.2 0.6 0.0
36 1 0.4 0.6 0.0
37 1 0.6 0.6 0.0
38 1 0.8 0.6 0.0
39 1 1.0 0.6 0.0
40 1 1.2 0.6 0.0
41 1 1.4 0.6 0.0
42 1 1.6 0.6 0.0
43 1 1.8 0.6 0.0
44 0 2.0 0.6 0.0
45 0 0.0 0.8 0.0
46 1 0.2 0.8 0.0
47 1 0.4 0.8 0.0
48 1 0.6 0.8 0.0
49 1 0.8 0.8 0.0
50 1 1.0 0.8 0.0
51 1 1.2 0.8 0.0
52 1 1.4 0.8 0.0
53 1 1.6 0.8 0.0
54 1 1.8 0.8 0.0
55 0 2.0 0.8 0.0
56 0 0.0 1.0 0.0
57 1 0.2 1.0 0.0
58 1 0.4 1.0 0.0
59 1 0.6 1.0 0.0
60 1 0.8 1.0 0.0
61 1 1.0 1.0 0.0
62 1 1.2 1.0 0.0
63 1 1.4 1.0 0.0
64 1 1.6 1.0 0.0
65 1 1.8 1.0 0.0
66 0 2.0 1.0 0.0
67 0 0.0 1.2 0.0
68 1 0.2 1.2 0.0
69 1 0.4 1.2 0.0
70 1 0.6 1.2 0.0
71 1 0.8 1.2 0.0
72 1 1.0 1.2 0.0
73 1 1.2 1.2 0.0
74 1 1.4 1.2 0.0
75 1 1.6 1.2 0.0
76 1 1.8 1.2 0.0
77 0 2.0 1.2 0.0
78 0 0.0 1.4 0.0
79 1 0.2 1.4 0.0
80 1 0.4 1.4 0.0
81 1 0.6 1.4 0.0
82 1 0.8 1.4 0.0
83 1 1.0 1.4 0.0
84 1 1.2 1.4 0.0
85 1 1.4 1.4 0.0
86 1 1.6 1.4 0.0
87 1 1.8 1.4 0.0
88 0 2.0 1.4 0.0
89 0 0.0 1.6 0.0
90 1 0.2 1.6 0.0
91 1 0.4 1.6 0.0
92 1 0.6 1.6 0.0
93 1 0.8 1.6 0.0
94 1 1.0 1.6 0.0
95 1 1.2 1.6 0.0
96 1 1.4 1.6 0.0
97 1 1.6 1.6 0.0
98 1 1.8 1.6 0.0
99 0 2.0 1.6 0.0
100 0 0.0 1.8 0.0
101 1 0.2 1.8 0.0
102 1 0.4 1.8 0.0
103 1 0.6 1.8 0.0
104 1 0.8 1.8 0.0
105 1 1.0 1.8 0.0
106 1 1.2 1.8 0.0
107 1 1.4 1.8 0.0
108 1 1.6 1.8 0.0
109 1 1.8 1.8 0.0
110 0 2.0 1.8 0.0
111 -1 0.0 2.0 0.0
112 0 0.2 2.0 0.0
113 0 0.4 2.0 0.0
114 0 0.6 2.0 0.0
115 0 0.8 2.0 0.0
116 0 1.0 2.0 0.0
117 0 1.2 2.0 0.0
118 0 1.4 2.0 0.0
119 0 1.6 2.0 0.0
120 0 1.8 2.0 0.0
121 -1 2.0 2.0 0.0
$EndNodes
$Elements
200
1 3 1 2 12 
2 3 2 13 12 
3 3 2 3 13 
4 3 3 14 13 
5 3 3 4 14 
6 3 4 15 14 
7 3 4 5 15 
8 3 5 16 15 
9 3 5 6 16 
10 3 6 17 16 
11 3 6 7 17 
12 3 7 18 17 
13 3 7 8 18 
14 3 8 19 18 
15 3 8 9 19 
16 3 9 20 19 
17 3 9 10 20 
18 3 10 21 20 
19 3 10 11 21 
20 3 11 22 21 
21 3 12 13 23 
22 3 13 24 23 
23 3 13 14 24 
24 3 14 25 24 
25 3 14 15 25 
26 3 15 26 25 
27 3 15 16 26 
28 3 16 27 26 
29 3 16 17 27 
30 3 17 28 27 
31 3 17 18 28 
32 3 18 29 28 
33 3 18 19 29 
34 3 19 30 29 
35 3 19 20 30 
36 3 20 31 30 
37 3 20 21 31 
38 3 21 32 31 
39 3 21 22 32 
40 3 22 33 32 
41 3 23 24 34 
42 3 24 35 34 
43 3 24 25 35 
44 3 25 36 35 
45 3 25 26 36 
46 3 26 37 36 
47 3 26 27 37 
48 3 27 38 37 
49 3 27 28 38 
50 3 28 39 38 
51 3 28 29 39 
52 3 29 40 39 
53 3 29 30 40 
54 3 30 41 40 
55 3 30 31 41 
56 3 31 42 41 
57 3 31 32 42 
58 3 32 43 42 
59 3 32 33 43 
60 3 33 44 43 
61 3 34 35 45 
62 3 35 46 45 
63 3 35 36 46 
64 3 36 47 46 
65 3 36 37 47 
66 3 37 48 47 
67 3 37 38 48 
68 3 38 49 48 
69 3 38 39 49 
70 3 39 50 49 
71 3 39 40 50 
72 3 40 51 50 
73 3 40 41 51 
74 3 41 52 51 
75 3 41 42 52 
76 3 42 53 52 
77 3 42 43 53 
78 3 43 54 53 
79 3 43 44 54 
80 3 44 55 54 
81 3 45 46 56 
82 3 46 57 56 
83 3 46 47 57 
84 3 47 58 57 
85 3 47 48 58 
86 3 48 59 58 
87 3 48 49 59 
88 3 49 60 59 
89 3 49 50 60 
90 3 50 61 60 
91 3 50 51 61 
92 3 51 62 61 
93 3 51 52 62 
94 3 52 63 62 
95 3 52 53 63 
96 3 53 64 63 
97 3 53 54 64 
98 3 54 65 64 
99 3 54 55 65 
100 3 55 66 65 
101 3 56 57 67 
102 3 57 68 67 
103 3 57 58 68 
104 3 58 69 68 
105 3 58 59 69 
106 3 59 70 69 
107 3 59 60 70 
108 3 60 71 70 
109 3 60 61 71 
110 3 61 72 71 
111 3 61 62 72 
112 3 62 73 72 
113 3 62 63 73 
114 3 63 74 73 
115 3 63 64 74 
116 3 64 75 74 
117 3 64 65 75 
118 3 65 76 75 
119 3 65 66 76 
120 3 66 77 76 
121 3 67 68 78 
122 3 68 79 78 
123 3 68 69 79 
124 3 69 80 79 
125 3 69 70 80 
126 3 70 81 80 
127 3 70 71 81 
128 3 71 82 81 
129 3 71 72 82 
130 3 72 83 82 
131 3 72 73 83 
132 3 73 84 83 
133 3 73 74 84 
134 3 74 85 84 
135 3 74 75 85 
136 3 75 86 85 
137 3 75 76 86 
138 3 76 87 86 
139 3 76 77 87 
140 3 77 88 87 
141 3 78 79 89 
142 3 79 90 89 
143 3 79 80 90 
144 3 80 91 90 
145 3 80 81 91 
146 3 81 92 91 
147 3 81 82 92 
148 3 82 93 92 
149 3 82 83 93 
150 3 83 94 93 
151 3 83 84 94 
152 3 84 95 94 
153 3 84 85 95 
154 3 85 96 95 
155 3 85 86 96 
156 3 86 97 96 
157 3 86 87 97 
158 3 87 98 97 
159 3 87 88 98 
160 3 88 99 98 
161 3 89 90 100 
162 3 90 101 100 
163 3 90 91 101 
164 3 91 102 101 
165 3 91 92 102 
166 3 92 103 102 
167 3 92 93 103 
168 3 93 104 103 
169 3 93 94 104 
170 3 94 105 104 
171 3 94 95 105 
172 3 95 106 105 
173 3 95 96 106 
174 3 96 107 106 
175 3 96 97 107 
176 3 97 108 107 
177 3 97 98 108 
178 3 98 109 108 
179 3 98 99 109 
180 3 99 110 109 
181 3 100 101 111 
182 3 101 112 111 
183 3 101 102 112 
184 3 102 113 112 
185 3 102 103 113 
186 3 103 114 113 
187 3 103 104 114 
188 3 104 115 114 
189 3 104 105 115 
190 3 105 116 115 
191 3 105 106 116 
192 3 106 117 116 
193 3 106 107 117 
194 3 107 118 117 
195 3 107 108 118 
196 3 108 119 118 
197 3 108 109 119 
198 3 109 120 119 
199 3 109 110 120 
200 3 110 121 120 
$EndElements
$Boundaries
4
1 1 1 2 3 4 5 6 7 8 9 10 11 
2 1 111 112 113 114 115 116 117 118 119 120 121 
3 1 1 12 23 34 45 56 67 78 89 100 111 
4 1 11 22 33 44 55 66 77 88 99 110 121 
$EndBoundaries
$BCs
2
1 -1 1 2
2 -1 3 4
$EndBCs
